# 9_Joint_Little_Middle 7_Joint_Ring_Middle 5_Joint_Middle_Middle 3_Joint_Index_Middle 1_Joint_Thumb_Middle 0_Joint_Thumb_Proximal
0.8333016037940979 1.027334451675415 0.8412356972694397 0.8342040777206421 0.6695103049278259 1.1909009218215942
0.8308519721031189 1.0482572793960572 0.8386653661727905 0.8340061902999878 0.6695179104804992 1.2133440732955934
0.8297240972518921 1.0756291055679321 0.8382187247276306 0.8339816927909851 0.669254343509674 1.2387979555130006
0.8286618185043335 1.1006228132247924 0.8366907167434692 0.8340782761573792 0.6693790998458862 1.2605415048599244
0.8278196725845337 1.1209524475097656 0.8358318152427673 0.8341283392906189 0.6692518946647643 1.2780451824188233
0.8271529295921326 1.1375284832763672 0.835329063129425 0.8341602954864502 0.6691143081283568 1.2921526948547364
0.8266233856582642 1.1510809454956055 0.8350146948432922 0.8341765859603882 0.66898348456192 1.3035348351745606
0.8262043996734619 1.1621976211578369 0.8348108839302062 0.8341894752883912 0.6688475332702636 1.31272759405365
0.8258775674568176 1.171351052515564 0.8346836218284606 0.8342133646888733 0.6687136429187011 1.320160979967041
0.8256181163204956 1.1789160547199706 0.8345867116488647 0.834222677205658 0.6685802330681762 1.3261804063643798
0.8254089937697449 1.1851944587662109 0.8345027342826232 0.8342155240811158 0.6684466234929626 1.3310634676238524
0.8252404201897461 1.1904294222223193 0.8344322860550963 0.8342036503821412 0.6683312838941625 1.3350322392480076
0.8251045361258569 1.1948165440263296 0.8343742704639501 0.8341915645813782 0.668235435936436 1.3382644531644583
0.8249949944097187 1.1985131139518377 0.8343270235260063 0.834180799215304 0.668156564119327 1.3409026287013055
0.8249066815438577 1.2016457029153154 0.8342888087431378 0.8341717220062154 0.6680917381309414 1.3430611627907563
0.8249053514530427 1.204350114502052 0.8344878936131626 0.834430761870872 0.6682953190058822 1.3450016607929078
0.824959147495442 1.206698751956256 0.8347580142275357 0.8347452940441219 0.6685128530860229 1.3467422429791138
0.8250524072030492 1.2087533287287011 0.8350452071393223 0.8350602675991892 0.6686979072094189 1.3483046534912622
0.8251676295740848 1.2105613320732318 0.8353105215998246 0.8353389254822444 0.6688447822570981 1.349709530135539
0.8252910760675626 1.2121608948440712 0.8355364345528089 0.8355682771693954 0.668963450546279 1.350975528924105
0.8254167387989964 1.2135844783569465 0.8357287878209275 0.8357599839600952 0.6690785196266289 1.3521190051781633
0.8255416353629276 1.2148591960736188 0.8358958549828468 0.8359253418471838 0.6691846415870758 1.3531538299359878
0.825665847467283 1.2160082884842613 0.8360485941196393 0.8360771546384831 0.6692789805311657 1.3540915530234972
0.8257892735853987 1.2170506817670232 0.8361922550221214 0.8362206347482315 0.6693617830577451 1.3549422726083118
0.8259163743698753 1.2180048070408158 0.8363410153404816 0.8363714558042614 0.6694081052067247 1.3557141387501015
0.8260494666452532 1.2188850038891834 0.8364991242421423 0.8365330014354013 0.6694271265603993 1.3564149351150714
0.8261883773132424 1.2197018379883608 0.8366640086756353 0.8367012789826411 0.6694400548249796 1.3570517946267862
0.826327019351662 1.2204614969028347 0.836818363331652 0.836856083153154 0.6694422077584516 1.357630805093824
0.8264602251195436 1.2211686922656149 0.8369531361761859 0.836988473795625 0.6694402346172532 1.358157766595506
0.8265880805129628 1.221829172257316 0.8370751761200564 0.8371079165639659 0.6694396336204689 1.3586372476697153
0.8267086872955021 1.2224476546317196 0.8371820110323062 0.837211565089399 0.6694143215280279 1.3590736184024959
0.8268208010593936 1.223027484438408 0.8372737970544522 0.8372998721696332 0.6693747122654521 1.3594708993835567
0.8269286714871633 1.223573221223822 0.8373658344422678 0.8373906999665415 0.6693594995792074 1.3598340475402926
0.8270233840052214 1.2240833151000903 0.8374325263718684 0.8374530029168061 0.6693701222463737 1.3601669568890455
0.8271059370282432 1.2245599832263125 0.8374824228461519 0.8374984941379493 0.6693835556446942 1.3604714074988462
0.8271774869158379 1.225005619218074 0.8375205995699513 0.8375330393708758 0.6693947553586509 1.3607497294155197
0.8272391971742719 1.225422447911996 0.8375502588002481 0.8375598887759059 0.6694030713996526 1.3610042158291686
0.8272921893434214 1.2258124875959542 0.8375735451101143 0.8375810345139193 0.6694088540046403 1.361236963552312
0.8273375275481929 1.2261775913188289 0.837591947660357 0.8375978080531825 0.6694126217817458 1.361449888453544
0.827358455876445 1.2265100862462863 0.8375610244635823 0.8375583218018905 0.6694804620150878 1.3616473127251154
0.8273627530892175 1.2268139907423294 0.8375134096434976 0.8375044645055688 0.669550755930277 1.3618286410049825
0.8273472961870417 1.2270892770054846 0.8374389231913301 0.8374230886447077 0.6695790722468156 1.3619923718036198
0.8273097655842769 1.2273356128504205 0.8373338795274903 0.8373102803983407 0.6695717322427954 1.3621401411104983
0.8272550290163412 1.22755525976581 0.8372153335070935 0.837186333335091 0.6695535936036846 1.362274282917085
0.8271912126013481 1.2277521488679457 0.8371032113437913 0.8370729778581057 0.6695355779392831 1.3623964498398327
0.827122814517724 1.227929115105709 0.8370016761306971 0.8369726375240639 0.6695146804224104 1.3625075825021762
0.8270517047735114 1.2280877350243256 0.8369083124545454 0.836881099978968 0.6695004300412059 1.3626087910307327
0.8269814774586407 1.22823070037145 0.8368271126864146 0.8368026247341509 0.6694836653182125 1.3627002959547743
0.8269150674497007 1.2283610705358075 0.8367601501558456 0.8367391054407021 0.6694499164350204 1.3627827505348766
0.8268593645218943 1.228483033484005 0.836720468013623 0.8367052415669172 0.6694101261716979 1.3628570111655112
0.8268127279380111 1.2285971262500945 0.83669562451771 0.8366852314996885 0.6693748726544299 1.3629242636412713
0.8267747987825989 1.228704970554214 0.8366813763994463 0.836674707073225 0.6693250810382778 1.3629841929793622
0.8267499629274463 1.228810128748974 0.836687871219197 0.8366860762741195 0.6692512492559762 1.3630365710354062
0.8267495968830947 1.2289194561485934 0.8367413229954076 0.836749089996499 0.6691550978201557 1.363081501396196
0.8268028051767639 1.2290513116077175 0.8369047003755437 0.8369339690530159 0.6689220125021877 1.3631151330246107
0.8269606233528368 1.2292325892413132 0.8372608151252641 0.8373319137830622 0.6685014291240646 1.3630367049990952
0.8276767016165346 1.229718311497726 0.838204707798606 0.8383475962272554 0.667059463153988 1.3607909543847132
0.8300208831399989 1.231412803228027 0.839878687141137 0.839837620496056 0.6653336142625093 1.3489224325446358
0.8318681664920101 1.2328653137646726 0.8410852383596076 0.8409459907526188 0.6638369445105934 1.3389196881316558
0.8333230930690964 1.2341182073563426 0.8419768914399444 0.8417977943988174 0.6626172808091277 1.3304589659899437
0.834468282709519 1.2352060429740024 0.8426491463039636 0.8424645507313037 0.6616429684385009 1.3232738471770258
0.835369068344434 1.2361568254222928 0.8431640024069404 0.842991768835165 0.6608707307040173 1.3171468096370673
0.8506202125231425 1.249108055590825 0.8572273417380218 0.8572618719086471 0.6354771493482174 1.3015692009445172
0.8654566545232136 1.270046360778202 0.8705867778513244 0.8706635281360485 0.6117759298171664 1.289288669738463
0.8777309647356668 1.288163858642093 0.8825207075479358 0.8830886518888742 0.5913248380729409 1.2799282073285512
0.8884036533955891 1.3055204534450464 0.8924894945623659 0.8928291468567109 0.5792255894906403 1.264192843382067
0.8970511669257608 1.320263988488459 0.8993636502267666 0.8997038101153736 0.5754025496297742 1.229835386232143
0.9039857836039327 1.3325693183847613 0.9052239404870468 0.905618806282454 0.5722942167324754 1.1976595124845546
0.9106418133951395 1.3411611933476406 0.9086066879235425 0.9085099972087329 0.5738882155261781 1.1174943964675936
0.9156084609967208 1.3460400596433224 0.9092852789086276 0.9086325627007632 0.5750774169796583 1.0231408056414821
0.9183656297478466 1.3471670067448094 0.9071342840132852 0.9058038005382656 0.5768225331969163 0.9256532094317038
0.919279088366301 1.3448761634936868 0.9029255783031575 0.9010888941407871 0.577648293166725 0.829046521698424
0.9193460025694141 1.3404448455898712 0.8988725165899747 0.89725358544355 0.5785797446484312 0.7466888281623433
0.9196868879243667 1.3347921471857032 0.8952893193861765 0.8938716392403075 0.5741828608127391 0.6684936048920878
0.9209877167260595 1.3288931688517729 0.893123867217773 0.8921553524879797 0.5669638695408468 0.5991994847723585
0.9240106872014958 1.323562514054807 0.8931475894483517 0.8928980853198516 0.5565084840527824 0.5372909215981755
0.9292426173919645 1.3193554490947978 0.8957497371699484 0.8964037081431189 0.5434859296219867 0.4818839119191959
0.9337264708705113 1.3159978318329062 0.8980509077283598 0.8993906442984612 0.5328961591352878 0.4374435115906393
0.9406961291652811 1.313977998742692 0.9029889253594762 0.9051337531935907 0.5201651378814266 0.39671019169114397
0.947173042267314 1.31259213467378 0.9076614378148942 0.9104110472783833 0.5078695296719778 0.3630080139829506
0.9539035663364342 1.3119195348416852 0.9125679491563343 0.9156637329566788 0.49906612272859485 0.3349083386813632
0.9598629081533759 1.3115424352006186 0.9167975591503543 0.92003604083922 0.4911548561716149 0.31159596327583244
0.9648472829092669 1.3113076318992034 0.920289334208406 0.9235901896927078 0.48504832918358404 0.2927656069091181
0.9690364252272549 1.3111846629534447 0.9231806727652844 0.9264830640771643 0.48022413082848037 0.2775572544090923
0.9725766858055832 1.3111496832970209 0.925583186340737 0.9288413518125738 0.4763838873539769 0.26527653680268737
0.9755862896120264 1.3111837837698799 0.9275870582202337 0.9307671064897318 0.47331902394568154 0.2553620163283651
0.9781605676393281 1.311271860885838 0.9292651026041716 0.9323425193440071 0.4708708346674858 0.24735957472975292
0.9803084552749451 1.3113607046510531 0.9304916070772338 0.9333616177090924 0.469852272334895 0.24084346365495712
0.9820770597827002 1.3114423177644217 0.9314036573468151 0.9340412839133677 0.46901408725039284 0.23555724618088555
0.9835391383466374 1.3115179079377337 0.9320700570343734 0.934464508205981 0.4683386754437774 0.23127095637521228
0.9847443374870023 1.311584841219877 0.9325323068617821 0.9346785973789938 0.4678696569954943 0.22781079898517195
0.9857516624830406 1.3116500226722516 0.932850655994339 0.9347566232111174 0.4673978648309383 0.22502571853193334
0.9866042406004462 1.3117153285397178 0.9330653644255982 0.9347455632707372 0.4669151514152267 0.2227579932387089
0.9873415685210063 1.3117841671667962 0.9332143264335144 0.9346896038072026 0.46634742493467163 0.22087111917936128
0.9879984026363241 1.3118609341591572 0.933331219142417 0.9346273482335977 0.465662126740111 0.21926385639352258
0.9886071614591875 1.3119518878149967 0.9334491354511101 0.9345966649447578 0.46483477155390823 0.2178692408660464
0.9891947334741432 1.3120627261867508 0.9335948000181451 0.934627026112453 0.46386391480782385 0.2166349411614269
0.9897775988368097 1.3121964579956042 0.9337825473013508 0.9347317693961269 0.4628279790085058 0.21553631191313505
0.9903639587233785 1.3123537259210196 0.9340171572258462 0.9349121950731759 0.4618156123003563 0.2145628368048687
0.9909629013117411 1.3125366176691888 0.9343061730615607 0.9351739210022358 0.4608240141742389 0.21370706539859924
0.9915627547881014 1.3127382680199335 0.9346291888040155 0.9354866442785953 0.4599857758897909 0.21296654805748108
0.9921750433270937 1.3129632222192915 0.9350002780184626 0.9358660934532718 0.4592270001902873 0.21234654021428778
0.9927953964094167 1.313209012948468 0.9354110657871151 0.936298851821028 0.4585872686016317 0.21184836135043109
0.9934142021830754 1.3134700662318823 0.9358439802885361 0.9367600358750048 0.45806671548746075 0.21144876027690096
0.9940372894999088 1.3137484317162798 0.9363063978958375 0.9372582059880592 0.4576387335368955 0.2111439656781095
0.994656101131177 1.3140392164499892 0.9367827262726026 0.9377718863312798 0.4572929266698332 0.21091199728385113
0.9952642800519753 1.3143385537553893 0.9372613140937962 0.9382854578832307 0.4570151188856102 0.21073577453720968
0.9958571817167512 1.3146433502903832 0.9377335793969852 0.9387877844126636 0.4567923779396802 0.21060213367166838
0.9964314838797181 1.314951202906867 0.9381933480261025 0.9392711847902627 0.4566139050411057 0.21050096984722394
0.9970349542737269 1.3152793340982598 0.9387055015371846 0.9398206734562946 0.45627463405027957 0.21034120866472067
0.9976537126255245 1.315618800568708 0.9392467241133536 0.9404046506806241 0.45599250034248806 0.21009326655717325
0.9982779660186936 1.3159614701653546 0.9397980889197417 0.940997800916356 0.4558154784501074 0.2097047472322117
0.998898842999281 1.3163052002259117 0.9403477327439171 0.941584687781272 0.45569055023674 0.20924455061150635
0.9999720407080186 1.3170301993424114 0.9415349377324567 0.9429268569564324 0.4542742331257171 0.21098424005185004
1.0017558536967859 1.318438178677115 0.9437969933454502 0.9455266261748871 0.4518701342289214 0.21598778273800562
1.0042853039138495 1.3206290772587086 0.9471267231706229 0.9492919297736805 0.4486846254304699 0.22241657659323652
1.0076521143621586 1.3238846199536343 0.9515021020892022 0.9540205122408805 0.4467344880927127 0.2291841720335614
1.0108826482539481 1.3275397409458176 0.9556539912798212 0.958280632605357 0.4443797410192904 0.23724703111592382
1.013710619945932 1.33136401092682 0.9593114940149153 0.9618728118818625 0.4434430492451046 0.24653774196579814
1.016025306335774 1.335389904305726 0.9623288582025024 0.9646379914030729 0.44206756691378385 0.2562627887302618
1.0178570044451452 1.3388275322321175 0.9647181566761376 0.9667830321109532 0.44126350554022814 0.26427986189317554
1.0193038616509038 1.341787943601856 0.9666076132620527 0.9684412839346122 0.44069327213123344 0.27086782824668765
1.0201112774158159 1.34458428173085 0.9676635606261217 0.9691066195434722 0.4414615078588716 0.2774815648529806
1.0198998091335805 1.3474565231706297 0.9674482022263307 0.9682534972720458 0.442400828506183 0.28488404867918315
1.0195253084274698 1.349839407913335 0.9670325616628089 0.9672937424892675 0.4434758547986598 0.2908147737810693
1.0190395506360188 1.3518232971131385 0.9664746602082379 0.966277244243184 0.44408721121510275 0.2953594220026081
1.0184485270292007 1.3534731364011432 0.9657797995967966 0.9651872893596961 0.44448876096694 0.2988661561285452
1.0169814311433192 1.3549879627036783 0.9640309122215351 0.9629791562100469 0.44561342965673073 0.30214790375033984
1.01499198142436 1.3563014139022616 0.9618352458485477 0.9603935745827531 0.4480452543187989 0.307630539902051
1.0129294495880354 1.357421197039778 0.9596725428588003 0.9579689000028113 0.448980832552024 0.31277908759752887
1.0110958179712095 1.3583471596581895 0.9577967543988872 0.9559139922442229 0.449933244351632 0.3171116918519336
1.0094605891609032 1.3591170883451429 0.9561674848866024 0.9541726958896471 0.4507427025350623 0.32073823691965725
1.007996933357226 1.3597614269474767 0.9547495568332321 0.9526966533776723 0.4513995197226757 0.32376334930707285
1.0066821707855123 1.3603045782263774 0.9535130997131067 0.9514449256035966 0.45192491386812167 0.32627984376946506
1.0044112073239053 1.3613436810823836 0.9522061339719929 0.9503431810834633 0.4542123268006741 0.3425404806311879
1.0019075049445125 1.3626247638585216 0.9510085695349246 0.949400905283183 0.45558873732554905 0.3586020949980381
0.9997950850713326 1.3637527461148935 0.9500384897679544 0.9486512927308799 0.45668143764867775 0.3717446234624197
0.9976885961523114 1.3649902292329181 0.9491566753936176 0.9479653786099054 0.45821778762924187 0.3840412363847582
0.995576278132634 1.3661639410843935 0.9481946378193191 0.9471006473283845 0.46092187991609185 0.39582941654844983
0.9937486773828162 1.3671720519535133 0.9473524212234729 0.9463341657623353 0.4627203077544372 0.4056534884256037
0.9908344249804413 1.3681365644830377 0.9455920671934694 0.9444385031306507 0.4668576324359258 0.4200937245593001
0.9880536874834375 1.3689654426493574 0.9439494781108546 0.9427612312192728 0.4712371094525401 0.43299465332869924
0.9853160922291816 1.369633361237711 0.942305757396368 0.941098418836197 0.47580046761040246 0.4447752392645219
0.9824225977709247 1.3700156327386428 0.9403182854596359 0.9389250373875306 0.48261214342120773 0.45633407881701304
0.9765804589311562 1.369096288386959 0.9351058594658838 0.9329105215100612 0.4918091022682467 0.47485341589327107
0.9679079199250763 1.3664611175091887 0.9275793307840717 0.9249778665564986 0.5040599961052162 0.5010887421025868
0.9575152392718176 1.362181369021084 0.919189466938964 0.9166358214586998 0.5162326899345575 0.5328891902648636
0.9487810012128337 1.3583071736928194 0.9123396387939385 0.9099959692931195 0.5233516500135945 0.5591533207482678
0.9416575572034823 1.3539531396576856 0.9070065109924262 0.9052010505657212 0.5258942688100089 0.5708067078261838
0.9381897561662282 1.350279559036024 0.9051213215983538 0.90439579719391 0.5222237105840484 0.5635602203106297
0.9395963162511893 1.3483863507429183 0.9081104001360438 0.908938772154542 0.5137723025221856 0.5445283851699363
0.9436575818324334 1.3477820185597278 0.9131961147751253 0.9151303940397042 0.5069988200298334 0.521375791365014
0.949237493536015 1.3483458779474526 0.9187545403453383 0.9207960504994025 0.5020155651753255 0.5015622803641212
0.9538891179252781 1.3489403027073883 0.9232620775391795 0.9253243198955242 0.4978287016062028 0.48573840690238096
0.9577799449673587 1.3495537438214893 0.9269204759351523 0.9289434783430246 0.4944254294799238 0.4731046222256249
0.9610470779984231 1.3501782018519302 0.9298927326005388 0.9318359798408625 0.49168742782008407 0.4630188733424048
0.9641331035494038 1.3509415784340588 0.9325692406496755 0.9344386463337802 0.49160458116636085 0.4532302510806164
0.9704142370700224 1.3511908848175596 0.9376205604236405 0.9401156429428786 0.49001478528106535 0.3904788587147586
0.9806165344619261 1.35138610991551 0.9458931049474939 0.9494712093654418 0.4853943596293475 0.32906232773499433
0.996345134345969 1.3524630863882185 0.9591645209605586 0.9641074688580151 0.47947923620620936 0.2808551937281032
1.0140737786040945 1.3548817793064978 0.9743444131704244 0.9801325679895493 0.47329255167706463 0.24478913396111643
1.029793182543615 1.357637036604378 0.9879178132130363 0.9942409420869519 0.4666730819071424 0.21777242213099413
1.0441201285773114 1.3611844450336243 1.0006158610593205 1.007238747665228 0.4618159995814238 0.201347149726623
1.056751343111483 1.3652838444790478 1.0121068207749466 1.0188606278013719 0.4558452023140648 0.19197766170253253
1.0682051678500872 1.370830104834337 1.0228874801261219 1.0294270671138392 0.4519394837277777 0.19024448740760402
1.0779138962429604 1.3770425685934218 1.0322849129567935 1.0384052162749948 0.4488140982355791 0.1954011223576857
1.0855727084479205 1.3834573085063293 1.0397812346562063 1.0452217630849983 0.448029998299767 0.20499379450976002
1.0916345507305043 1.389612202243296 1.045766537979787 1.0505010980214045 0.4459953096368229 0.2137583664250306
1.0914273810705484 1.3950604712138872 1.044051460898356 1.046147386061777 0.4539754638559274 0.23141614963149482
1.0842081032054378 1.3983257703121743 1.0345409214309345 1.033599885167781 0.4672866185098213 0.2530783285263018
1.070915057011982 1.398789572090804 1.019513583168307 1.016338039924386 0.4840076819729266 0.281897904043423
1.0559115042277498 1.397302641368627 1.0049066948770835 1.0017792856611274 0.4977347577151821 0.30739938741129785
1.0353251163155495 1.3922245374494548 0.9847944106959783 0.9798088412219256 0.5193090219924582 0.3491836986955178
1.0061752847028302 1.3785061257023616 0.9594708225173539 0.9557282241768813 0.5477081242902861 0.40462035354107
0.9712333004627647 1.3551762117496335 0.930749928239408 0.928853147235487 0.5817386630140771 0.4728814158132027
0.9408943709495879 1.3291328917782468 0.9073520702389264 0.9049341861462387 0.6085542895764533 0.5392146899930914
0.9101123020460778 1.2985956009897361 0.8840627513144321 0.8830906179790332 0.6394652134871819 0.6162757432168547
0.8852824771730561 1.2693385073878583 0.865401768033815 0.8636942527488577 0.6638175135212213 0.691618073440061
0.8654513283036914 1.2448780925542686 0.8504934496443372 0.850153424087819 0.683503392168448 0.7554802802852519
0.8495929180354092 1.2247584892487982 0.8385604172357639 0.8377565087824317 0.6986131213733082 0.808524172119437
0.8331150840735605 1.204578744028128 0.8284712194926517 0.8285310699104669 0.7189900034768204 0.877068218081902
0.8270277842693464 1.1932582749161058 0.82639958139475 0.8262241827296736 0.7358168287358936 0.9683100195643985
0.8197071325630296 1.1841385994937368 0.8235119714436199 0.823510877040825 0.7455281673496768 1.054565327319915
0.8136546311259547 1.1767159727880436 0.8198460566280099 0.8194433623534852 0.7494173573355519 1.122329486968847
0.8098882196331246 1.1713492177064482 0.8155170859716584 0.8156035919175477 0.7491918982585782 1.1564385521910443
0.8102893279380976 1.170377103657346 0.8158732916372815 0.8152496639240528 0.7443205977694602 1.1663371029298983
0.8159262097984457 1.1752063498265115 0.8212585302557786 0.8197845914641019 0.7334473105443646 1.1597483160337991
0.8260034686016959 1.1852954042249177 0.8304658295604578 0.8283487517578598 0.7177505947886411 1.1343245508067756
0.8394976668109833 1.1991030225986843 0.8421897222115986 0.8398842778955457 0.6986840969513658 1.085468304299748
0.8551571577827405 1.2155178507037643 0.855430573583793 0.8532769415501401 0.6774742489012721 1.0230100489802647
0.8707916426690635 1.2318133846813586 0.8684322598466487 0.8674232152083433 0.6571150926711276 0.9531483202892532
0.8858633508707855 1.2473772872204898 0.8804892470748593 0.8800974557382995 0.6381396578122865 0.8807080387845032
0.9000790850659827 1.261616643962488 0.8913164989400999 0.8913608963952966 0.6205722750321778 0.8060593128025049
0.9148177612893279 1.2747475836254958 0.9027689660588182 0.903664674414516 0.6008109260476233 0.7262869632100672
0.9310211387532946 1.2871214893323424 0.9157681198914271 0.9178337185011868 0.5770761159162999 0.6422539536838222
0.9496641037669179 1.2995842096696093 0.9314160610834298 0.9349917195977023 0.5488625714859391 0.5614764330533734
0.9748371027156828 1.3157494066150819 0.9532002660115192 0.9579510230017703 0.5177967150752564 0.49314175945501254
1.0016930407083129 1.3338250635458497 0.9768220784250601 0.9825215687905153 0.48752510346927797 0.4350279631374735
1.0251832728223875 1.350648221841929 0.9971665622380339 1.0031381170395535 0.461866132799455 0.38981028693186903
1.0475238899101318 1.3668662051133136 1.0168220902750462 1.0232190307333884 0.43787620654397685 0.34471295811547964
1.070555499371648 1.384887197794264 1.0370355053956961 1.043473252960429 0.4180153762554604 0.3092918339396646
1.0891966272805216 1.3996687008394761 1.0533444010588053 1.059743888623226 0.40227934163852364 0.2808556839247648
1.1043130675485995 1.4118504105769765 1.0665200252034286 1.07282181377944 0.3897345677379277 0.2580352085367921
1.116599100393555 1.4219458960503872 1.0771806636411365 1.083340516056511 0.37971243384389136 0.2397279556620982
1.1337878605226686 1.435394117276711 1.0936291534867617 1.1004076881137634 0.3688934991590822 0.2166192638698313
1.1506684701045362 1.4493843865719183 1.1098338619205739 1.1168189512035962 0.3601420839494581 0.1959459241488054
1.1647697194735216 1.4617467603943144 1.1232755148675748 1.1301812304132555 0.35361082711745223 0.18286401182480452
1.176322706883749 1.4727912252633886 1.134201237699724 1.1407801209349135 0.3472383487934186 0.1760858726506853
1.1856585330530807 1.4829312805723442 1.1429555250337415 1.1489960907664856 0.3418783262343656 0.17438522732300948
1.193137565196737 1.4914169744166768 1.1499501810972448 1.1554942416164844 0.337463380096074 0.17336887722049865
1.1990122150907392 1.499798165600541 1.1553105629686162 1.160140084188268 0.33432663774308846 0.17426832798985412
1.2035084447486777 1.5071057691900276 1.1592898303034818 1.1633967534391765 0.3328889711365484 0.17504610744212284
1.206678087013847 1.5134516012452717 1.1618604130556516 1.1651789010118392 0.33344669569853014 0.17596284351423752
1.2084352211140683 1.519132181150331 1.1628296666948263 1.1652108240565417 0.33528936449148705 0.17696446519434747
1.2088797915763132 1.5242430322508924 1.1622801775620988 1.163640340840082 0.33786980941659966 0.17645668360662697
1.2086255732207674 1.5285354179653257 1.16100168664349 1.1614351198476638 0.34134336221032746 0.17476046481189916
1.2075815823101343 1.5320822892596506 1.1588426624861787 1.1583992421946594 0.3453773411735964 0.17277532834575804
1.2059211751956416 1.5348565815297908 1.1560153559944972 1.154742898966604 0.3501925232112465 0.1709784032405713
1.20367398430019 1.5369985769914107 1.1525807774942671 1.1505863208975264 0.35289391772747497 0.16939702820788213
1.1971704448788116 1.5368962105692638 1.1436437683806067 1.1402200094386632 0.3604350856685675 0.16831845793732317
1.1876296588205297 1.5347440812254916 1.1314818157756523 1.1267905657708401 0.36956335478973684 0.17228876653201033
1.175508871747891 1.5311182000847634 1.1170097266836323 1.1111521581983372 0.3801851202960992 0.1850785452356867
1.159786212502988 1.5255980617691658 1.0992990474067814 1.0922840722541654 0.3927261714073963 0.20549173857616837
1.1418541098110453 1.5179586988202398 1.080938104006663 1.0741698176177854 0.40317934425139007 0.22160359784640832
1.1272443313974203 1.5115755543320708 1.0661368395590902 1.0596730018069358 0.41150594688625 0.23450836193305621
1.1153098884882975 1.5062035834955638 1.054193904058466 1.048070804628532 0.41815628558135715 0.24484474382195767
1.1055319264461556 1.5016464882030063 1.0445471684585648 1.0387848984025327 0.4234730696657235 0.2531238450320077
1.0936151230279572 1.4954230302917142 1.0329533323010316 1.0270263966578173 0.4326731936914869 0.26922530760061836
1.0447263903573327 1.4572700114526096 0.9958114945380299 0.9868074271407069 0.49099759473666726 0.3764925188199051
0.9983872323954243 1.4142999292594387 0.9601081509183572 0.9521454503795577 0.5350627161206021 0.5058857350647742
0.9636203527231326 1.3748684597954903 0.9414136448534907 0.9357129757134972 0.5728452688170445 0.6809419750452276
0.9413232469383328 1.3479113636768463 0.9291199119116926 0.9239897588514374 0.6045650868187723 0.8764966296577641
0.9214117736676096 1.3265887306814672 0.9177614785215111 0.9137152679461706 0.6277973913010262 1.0469725026626737
0.9062376309282588 1.309957631960335 0.9112022667710663 0.9074171382346525 0.6489415735289497 1.1833532010666015
0.8925484886842574 1.2956870623706362 0.9001469254163648 0.8976496019489586 0.6654945707547698 1.2924577597897435
0.8767924921574279 1.2793516022585696 0.8869447779391404 0.8855649597268915 0.6785945015134838 1.3516815665659256
0.8671361459781396 1.2657605729598098 0.8757003483561036 0.8747653895077401 0.6849386943962118 1.3470561793086486
0.8629791938058271 1.256482602921986 0.8692660758803175 0.8681607312724824 0.6825499497720353 1.2890273325155224
0.8640803617470848 1.251959158395023 0.8672207816370238 0.8661633902204701 0.6707538456017774 1.198257541061246
0.8696417746729364 1.2514444696222073 0.8699199735266295 0.8701779860983426 0.651571805500587 1.0973868174559303
0.878718359294471 1.2545944060734373 0.8762766265187524 0.8775936380012938 0.628877469081561 1.0021482668881756
0.8907584889912104 1.2614985152762304 0.8858183497837275 0.8880157721030003 0.6052467768819174 0.9208727449230466
0.904802063638647 1.2723164355501468 0.8972201962988449 0.8997061572064786 0.5822647885824077 0.8554637527507236
0.9177990154700912 1.2859118776118703 0.9064084903177319 0.9077086823455357 0.5631490768070883 0.803135307315325
0.930302444797948 1.3004654086904484 0.916867793860173 0.9187750043290348 0.5419692314526133 0.7683808459308428
0.9409379034854531 1.3135065585197414 0.9259279618757056 0.9281448580278946 0.5220060997693294 0.742353924391006
0.9521617030793477 1.328752696499936 0.9361467441000213 0.9385270482265149 0.5033527953218264 0.7240092820146359
0.9623497991318741 1.3460455655938088 0.9444183532458679 0.9456215386361435 0.4879814181956325 0.7085950904066306
0.9704922174259216 1.3602442598252058 0.9510291317353357 0.9514754084563697 0.4759551182772854 0.6963616317888055
0.9769991187130762 1.3719513540195274 0.9563124854763118 0.9562876198940631 0.4664023971864493 0.6866431241337422
0.9821984408597432 1.381652388948349 0.9605348530928108 0.9602320292991922 0.45877735068868886 0.678918886590319
0.9897920321067398 1.3922488005782347 0.9680790403302362 0.9689146120868146 0.4441164473730031 0.6585548308756487
0.9964046343676428 1.4019253422280298 0.973567589029936 0.9743510714786863 0.4365204902519944 0.6323125431749452
1.000088275632237 1.4093338385788716 0.9746446123959764 0.9743538682951621 0.4363955225173762 0.6020964618375484
0.996532309977988 1.411693559930175 0.9660813539220607 0.9630278734599822 0.4481831284860079 0.5738405057470468
0.9802807004680472 1.4055537119272943 0.9430874489938192 0.9358695338754076 0.47854952355220354 0.5677730138047907
0.9487140322868217 1.3800816166213032 0.9141124529198784 0.9063374074767604 0.5212757097879603 0.5961540337359408
0.9148504014924518 1.3437229814379117 0.8861792240584674 0.8792125203188716 0.5634357299168551 0.646976363337477
0.8853869101298135 1.3061793186067503 0.8623502496119168 0.8575143987319039 0.5985529633966798 0.7055919740012804
0.862439176312469 1.2756976396083006 0.8444455936142465 0.8414429326360359 0.6232918908284278 0.7532729485361989
0.8515965389183224 1.2532878327559764 0.8367186844022004 0.833665315270816 0.6333769766558148 0.7754140240930887
0.8515783347265768 1.2407753315123984 0.8380855846143507 0.8352663429263391 0.6281728671446591 0.7677636061496236
0.8586250621141472 1.2356489774825627 0.846629339674055 0.8465365935709601 0.6129023016655564 0.744950299611624
0.8704693617869599 1.2369652412130399 0.8586450602364059 0.859856320965014 0.5939169193239306 0.7149158399509874
0.8860758425751672 1.2438365238343845 0.8736983963451 0.8761576760194477 0.5708924384857254 0.6818255290355275
0.9045715715058125 1.2566052927522 0.8907151324432065 0.8936543026273868 0.5475996436234344 0.6525856697532328
0.9233793326669912 1.274782797014565 0.9070159397825377 0.9095753557447928 0.5265444160744372 0.6307151432015731
0.9391448027653679 1.2963927192019231 0.9194739502513232 0.9211868744662871 0.5094896091019967 0.6121937247259008
0.9520697932849872 1.3148143134535795 0.9300619516248562 0.931521793331422 0.49400539263056586 0.5987015177522172
0.9627141270169057 1.3309191816664891 0.939035129823292 0.9404283683504404 0.48264180671347673 0.5887734500339882
0.9712920835120231 1.3441736025505986 0.9462927558247285 0.9476159032985164 0.47317957720099685 0.5808879302160943
0.978110675056994 1.3555139241928837 0.9520181996205677 0.9531506035172617 0.46655278675507544 0.5753387702478572
0.9835501702946187 1.3648945759387796 0.9565742478830996 0.9575269487256746 0.46102724093398284 0.5710578952609383
0.9878881289419937 1.372694807899156 0.9601988209139016 0.9609886143012794 0.45654443397681577 0.567758245816142
0.9913462888286438 1.3792208573438 0.9630814204892084 0.9637274053417804 0.4529386023248089 0.565215884487081
0.9623963269460938 1.3653807752305087 0.9384528883521212 0.9376181170720388 0.4959756381960593 0.638344203504124
0.9328454878225916 1.3454640955109451 0.9125307590345106 0.913075884610695 0.5314309197784965 0.7256535093563388
0.90977477997899 1.3276092410388831 0.8942516637309044 0.8952458663227418 0.5592285790539984 0.7970568975271852
0.8962768909959788 1.3119740963223174 0.8831610594164252 0.8835429083063013 0.5755873758393291 0.8298661343623854
0.8864435432456966 1.298675694484917 0.8744009307202434 0.874919603725577 0.5885396590866854 0.8479169911042577
0.8895002029818723 1.2934789009248475 0.8780997769973068 0.8786666357201771 0.5780968062908022 0.8207329754746537
0.8983101385817869 1.2935372787598975 0.8871915282361816 0.8893804640517582 0.5595519775414919 0.7808028296404347
0.9112823476780211 1.2986092963126665 0.8995738459867725 0.902692623213605 0.5377459712238674 0.7407736886162174
0.9260921852102879 1.3098654348299794 0.9112774239573868 0.9132132468824989 0.5198562830616287 0.7084390011325369
0.9385512055008414 1.31997422366507 0.921392389662583 0.9228917430405146 0.4996726882401507 0.6825736591732414
0.9495489621995927 1.3302160818510624 0.930626518350855 0.9322623428157429 0.4818091688111147 0.6628293259553839
0.9589243789385987 1.3406717792458036 0.9383581215715531 0.9398421499293217 0.468624388977267 0.6487031947463933
0.9658422318992005 1.3502495301013548 0.9434995003204444 0.9443172218927677 0.4597191201085867 0.6408606823992875
0.968571257424115 1.3588433036999192 0.9440111714729388 0.9435592653377005 0.45529140126188766 0.6436858699092982
0.9669041727636328 1.3656313713229724 0.940379241953589 0.9388632823644597 0.4551649597603494 0.6561394155319308
0.9616662100675957 1.3701989885836465 0.9340919453702747 0.9320659319256559 0.4579563544049592 0.6762257910009841
0.9525921571829523 1.3718231150841413 0.9248487034481668 0.9223622663573277 0.4660481060230518 0.7080895857999023
0.943790763900964 1.3718248470096348 0.9173287613425178 0.9157698379958352 0.4728447671480008 0.7364296402127979
0.9357300522218454 1.371291125891094 0.913730217078012 0.9124992789431159 0.48054256643827975 0.7986709424329946
0.9291182734402266 1.3704863270739591 0.9102382406065319 0.9092874170624212 0.4852497665562329 0.8546440798817595
0.9238209349181054 1.3697887484725217 0.9074758684213522 0.9067554546422161 0.4889666627628086 0.8997037091873901
0.9195766148778437 1.3691797593828758 0.9052861170431425 0.9047414956908542 0.491922703646221 0.9359798891562475
0.9161758897950362 1.3686442645070331 0.9035473574368517 0.9031339286503091 0.4942784526050871 0.9651862751021587
0.9134510062734373 1.3681700445554557 0.9021647897695192 0.9018489955851947 0.49615688865191027 0.9887018021404428
0.9186206859429747 1.371266096221757 0.90866614797391 0.9086792182119302 0.48507363394742237 0.9749613854455695
0.9257428846422887 1.376175117005787 0.915993296453774 0.9164829024626105 0.4724885944195193 0.9536763432159222
0.9335117381146794 1.3826051565089874 0.9231423444345952 0.9237581546269488 0.4600271323257766 0.9320407392608481
0.9402898106043533 1.3885960270626587 0.9293627744353105 0.9301763578385219 0.44754125785303767 0.9151094938935722
0.9460285069994129 1.3946145049463305 0.9343941931276551 0.9350601994299972 0.4390426922756247 0.905787212500722
0.949280541138013 1.400465859709628 0.936578140604419 0.9366420478267736 0.4344276347889751 0.9085854274827249
0.9494320837626138 1.4053513874518455 0.9359676726245264 0.9355843639885002 0.43410096241110563 0.9246648893990522
0.9475562403972371 1.409056104811635 0.9342710167235835 0.933859167616734 0.43525720177550314 0.9488199509174351
0.9446985705991923 1.4116252244254799 0.9322961521201693 0.9319247707694126 0.43736149500576016 0.9774925356698612
0.9415108429829548 1.413155045568216 0.9302588663143605 0.9299429142450772 0.4403834293744354 1.0063349680576785
0.9385293259175833 1.4140623779767896 0.928241440585668 0.9277416415195054 0.44509914719751587 1.0318161548355471
0.9357875095965239 1.4144018389124986 0.9264775227955303 0.9261325317367225 0.44789215488188355 1.0539121390326223
0.9304420437146642 1.4123779612651917 0.9210738310377853 0.9210007562434124 0.4580185080603988 1.0750772047792594
0.9254213401261503 1.4098978581326367 0.9163464005121436 0.9160629212216891 0.46931160410533196 1.0933359137181218
0.9204458934929796 1.4067067100443174 0.9119277473552104 0.9114548086608535 0.4803738309565373 1.1100580112937113
0.9156650696489674 1.4027639781505052 0.907916738689985 0.907442698437777 0.49033535827185215 1.1239877952578083
0.9113248423173795 1.398633611605182 0.9042117826946943 0.9035903291374897 0.4998584851343274 1.1349705229951872
0.907203077112418 1.394334612215054 0.9005060857779478 0.8996580780721073 0.5097501647248935 1.14418771829239
0.9027051201143118 1.3883687956527804 0.8968993716435985 0.8965599847774796 0.5168910322010574 1.1522282597703257
0.8990994350654484 1.3832520090258864 0.8941435331501448 0.894060612753319 0.5229913351869628 1.1587019393668587
0.8962090576920987 1.378836976903021 0.892013165505559 0.8920545228602785 0.5279578374176062 1.1639068229854914
0.8938920827892686 1.3750025649208544 0.8903520728364235 0.8904475051786342 0.5319507921813994 1.1680906139898946
0.8917153384039612 1.3712442175021742 0.888569988824101 0.8884523811837705 0.5375863119029259 1.172626282619528
0.8867891236742188 1.3644526207821348 0.8849641982850803 0.8851724746148325 0.548372372314394 1.1956881251709397
0.8828442895094434 1.3565865679086668 0.8829881909797488 0.8829707171376973 0.5569762105346207 1.222450396758456
0.8796132368787034 1.3494498192073046 0.8811759283788918 0.8813047620341324 0.565245852041283 1.2471878221369894
0.8769054780756556 1.3425452279091785 0.8800588195044134 0.8800527264821644 0.5710975290680239 1.2731165640145232
0.8748159822110433 1.3369554413986928 0.8793220475926665 0.8792931882658096 0.5757289219970949 1.2943369191956273
0.8735548827079216 1.3323641644821744 0.8795362794887756 0.8795791147644116 0.5794197908302504 1.3135359082279008
0.8725760796091778 1.3286657990540012 0.8794934816751269 0.8795349024530088 0.5823260538784948 1.3292394712493738
0.8716651017206369 1.3254485894461427 0.8794105225875686 0.8794408339497117 0.5855892533467839 1.3493368971288935
0.8708195777525471 1.3227264538780812 0.8793560166418322 0.8793825068661902 0.5894367881144389 1.3680833616209616
0.8698491169444693 1.3201966727078727 0.8792007843065077 0.879218316760805 0.5929372698088728 1.388093903728532
0.8689825307076751 1.3179518337488787 0.8791649682845921 0.879182439396498 0.5966628146187658 1.4063985229080576
0.868059628863778 1.3157976194572938 0.8788142715713383 0.8788228005963304 0.6001197896016593 1.42402607445285
0.8672890493549079 1.31400472516636 0.8786107710855008 0.8786155558266432 0.6030650299082562 1.4385804195750973
0.8669692857485748 1.312580757099946 0.8795831053937913 0.8795881491214586 0.6048840412529599 1.4524921623507516
0.8674339042839795 1.3118104638724006 0.8812780618258668 0.8812812861848316 0.6049748880888852 1.466335499099046
0.867987440962584 1.311444330379842 0.8820962857872925 0.8820992467441909 0.6059100209256675 1.4789903829981088
0.8690494314344653 1.3116013432864175 0.8843837580419128 0.8843860910446447 0.6053268932168219 1.4905650910130501
0.8702419889380081 1.3120661755660237 0.8860756199627355 0.8860774863649211 0.60573513689554 1.5004339453690339
0.8712891254750524 1.3125667874224234 0.8874005946373332 0.8874020877590817 0.6064748277895948 1.5084019372553101
0.8721990636132267 1.3130877021318474 0.8884496428851596 0.8884508373825584 0.6071807353205125 1.5148320015025514
0.8729820411318229 1.3136152270130952 0.8892848164466469 0.8892857720445659 0.6077750610118422 1.5200222345791163
0.8736507305235613 1.3141398861163966 0.8899514055750727 0.8899521700534079 0.6082577814106396 1.5242144753616573
0.8742183215404311 1.3146549569888204 0.8904840808313655 0.8904846924140337 0.608645137901644 1.5276034824118234
0.8747110062428124 1.3151718224941324 0.8908738741240158 0.8908743633901504 0.6098737690890154 1.530056838358658
0.8756549114853388 1.3158223983334407 0.8922846634357178 0.8922850548486254 0.6137757638330714 1.530265549155249
0.8775819822049337 1.3170019910086714 0.8941699400877161 0.8941702532180422 0.6168666036316122 1.5264775827186694
0.8791694389896549 1.3180508315840977 0.895571147230085 0.8955713977343459 0.6194409848362895 1.5230548441137783
0.880838779379285 1.3192643642647757 0.8974642553542584 0.8974644557576672 0.6207212782788827 1.5196060228129953
0.8829160553370767 1.3208610868631756 0.9002555091074729 0.9002556694302 0.6204917412510358 1.5168988933388972
0.8856427607659383 1.323207247748292 0.9037049713843365 0.9037050996425181 0.6196838721840257 1.516320509133703
0.888750107107471 1.3267612604255012 0.9061032178491989 0.9061033204557443 0.6196876371072669 1.5192960837824874
0.8911908157808865 1.33033436520533 0.9086316659045728 0.9086317479898091 0.6191179318560711 1.523234179762501
0.8939916164194175 1.3340123175274232 0.9124455796871592 0.9124456453553482 0.6156951914893429 1.527697436926761
0.900121316950689 1.3412482642087062 0.918092934067568 0.9180929866021191 0.6093269809617075 1.5374054614051174
0.9053567295401654 1.3480719250800388 0.9235492330992388 0.9235492751268797 0.6020488917456843 1.5457266333376558
0.9104076103472203 1.3551266131688895 0.9293521628542079 0.9293521964763206 0.595669081181429 1.5540119459370925
0.9157618344707084 1.363221044372697 0.9349661696563827 0.9349661965540729 0.5903488559485612 1.5634392778190098
0.9203140903220806 1.3716140707581674 0.9390832486637963 0.9390832701819485 0.586817921238036 1.5736850484301346
0.9240674987400558 1.3789925591349153 0.9430394532591926 0.9430394704737143 0.583388353218151 1.582696698831693
0.9271435511084387 1.3851471675395606 0.9462332894254388 0.9462333031970561 0.5807567316925628 1.5901581706421977
0.9297167239166887 1.390331398086519 0.9489551917591621 0.948955202776456 0.5786420050172888 1.5964169312967782
0.9319083474141432 1.3947431648864517 0.9513134349090997 0.9513134437229348 0.5768527700828618 1.6016583291255573
0.933800393904215 1.3985355540191466 0.9533677330575898 0.9533677401086579 0.5753302823962455 1.6060739157647403
0.9354174928386735 1.4018111502389379 0.9550736968487513 0.9550737024896058 0.5740775665809064 1.6097993372321535
0.9367886699453772 1.4046544532187992 0.9564620713210116 0.9564620758336951 0.5730595986977696 1.6129465435695973
0.937943809605899 1.4071348746783108 0.957581735437394 0.9575817390475408 0.5722362836945438 1.6156085995636247
0.9389116473017236 1.4093093268208956 0.958480876116181 0.9584808790042986 0.5715714924135513 1.6178629372757167
0.9397187715385835 1.4112245553440457 0.9592014761195379 0.9592014784300319 0.5710349029381042 1.6197741488012862
0.9412297277144178 1.4140477986102584 0.9598090220630803 0.9598090239114755 0.5698420481744579 1.6091976292445813
0.9382232521765697 1.4135955024532703 0.9552481189680606 0.9552481204467769 0.5752935589840549 1.5850603920232895
0.9340538338655844 1.409542278351166 0.9475295913467813 0.9479995870747372 0.584337332367145 1.5319053683290198
0.9317772830195915 1.4037542707934205 0.9420212803085651 0.9421229882366025 0.5922667451852505 1.4409538629539262
0.9340880985790643 1.3988597446452955 0.9406541822592422 0.9410944877725095 0.5900062376780466 1.3173784711271486
0.9424616238064887 1.3972415966805918 0.9452546070607507 0.9461546181568503 0.5777011557041133 1.1809469301152198
0.9591443650394537 1.4018215928886018 0.9578081473185225 0.9586925219638347 0.5563924764488954 1.0485578051128361
0.9834182113385087 1.4130546644857471 0.9788256489812218 0.9806769856725692 0.5283628765658394 0.9249922590190867
1.0173077940921693 1.4322252190535025 1.0113143129014082 1.0153924043110656 0.492981564117738 0.8089768196530898
1.060123734472649 1.4601394348482097 1.0544991098136192 1.061146697611145 0.4540286033258982 0.7046139880329576
1.106539672850336 1.4824708074839754 1.1019952457976727 1.1104699064974244 0.41681366315731583 0.6142309879708454
1.1536858846654616 1.500335905592588 1.1506319174633335 1.160221122875552 0.38388836901385925 0.5354097615041864
1.1982352868644495 1.514627984079478 1.1966709716690311 1.206728190719875 0.3580012601296055 0.46600738309689616
1.2340062249444403 1.5260616468689903 1.2336079536734208 1.243990779352023 0.3374370321973123 0.4103498231797874
1.2632314434641583 1.5352085771005999 1.2635372447060096 1.2738312963102927 0.32266422393671335 0.36471115322347164
1.2866490738387095 1.5425261212858876 1.2874598159064092 1.2976092961195842 0.31112558271687557 0.32829331673332596
1.3050878967281332 1.5483801566341178 1.3057989322081596 1.315262791853248 0.30626889964899484 0.3006924038501465
1.3147353192517082 1.553063384912702 1.3121715182411982 1.31855931070733 0.30798571031062655 0.28177550894990633
1.3223235098798212 1.5568099675355693 1.317082786110903 1.3209988529466623 0.30951080497716943 0.2667185343343025
1.3282703469816157 1.559807233633863 1.3208348222953996 1.3227650924510188 0.31083742997340424 0.25473705347681086
1.3329089411595114 1.5622050465124981 1.3236674601541298 1.3240028225570064 0.31197465436690697 0.2452062729303363
1.3365050894815642 1.5641232968154062 1.3257714934910407 1.3248265666317258 0.3129389840526076 0.23762822952304866
1.3335443530717626 1.5656578970577326 1.3192762476416484 1.3158464179477147 0.3195646252761437 0.23959775313881704
1.3184232786686527 1.5668855772515937 1.2968136344124521 1.2882683075301689 0.3368352470024549 0.2619027975809389
1.2968516886545267 1.5678677214066827 1.2686794736997005 1.2581424790090594 0.35280502774112404 0.2751563814172596
1.2764269542942879 1.5684460364087935 1.243391922236738 1.2324545683436612 0.3696481540822425 0.2748420140655399
1.2580057487686822 1.568118712290487 1.221196024514244 1.2105858565944847 0.3858865642566235 0.2638135116506863
1.2423390234152754 1.5670184302205732 1.2025339117821106 1.1925949527087543 0.39932428550869237 0.2467781582442322
1.2289847679647032 1.5651797857185117 1.1866353838583668 1.1774187146236685 0.40897081098675736 0.22903445493915864
1.2177804905344822 1.563199226562175 1.173285682117211 1.1646977948037933 0.41501142423725135 0.21510561511309295
1.2086077609197123 1.5613964593442224 1.1623611602109807 1.154306100756975 0.4200283018062592 0.20405768120599865
1.1992635471451938 1.5591577606226559 1.1514150264201273 1.1437524691828505 0.41977035024246223 0.20574930818329715
1.1900116954508353 1.5568997158070847 1.1408095886180964 1.1333814728743565 0.4173044365126343 0.21512414027413101
1.1794790390541496 1.5544280444352185 1.129288572460029 1.1220174208074198 0.41534344168332826 0.2320286771389673
1.16777380016727 1.5517554787610655 1.117072239231756 1.1099674999546516 0.4141072099354077 0.2544094912793501
1.1539574281953393 1.5481279538325219 1.1028468964192792 1.0956157445773687 0.4162295393106309 0.2791247838804137
1.137922216779599 1.5427579201262591 1.0866210029676378 1.0793623685729667 0.42128483112311105 0.3014347274358281
1.1247742806487158 1.5382129126390933 1.0734940184080457 1.0663934755239617 0.425098901237295 0.31940102134189674
1.1136735466808378 1.5341096300761794 1.0629894743699912 1.056533607476054 0.4264326673708327 0.3355766260945135
1.1045663903308154 1.5305343690618591 1.0549855240455535 1.049511339372872 0.4261313662498766 0.349952723528809
1.0972122391185952 1.5275712587916626 1.0486897713558885 1.0440919129899968 0.42616682533976025 0.36172228729396394
1.0912863127487336 1.5251117212362109 1.043775382567804 1.0399598859828179 0.42595087913319735 0.37131399850582547
1.0865067094244507 1.5230579267173623 1.0399507545863478 1.036823207782226 0.425701571922662 0.3791259840372043
1.0826474547130225 1.5213311823391609 1.036984965279491 1.0344548421275752 0.4254760968058603 0.3854829859926571
1.079527411440401 1.5198683192081206 1.0346950412390956 1.0326780714330783 0.4252856554483809 0.3906513724481479
1.0770014076069105 1.5186187068420214 1.032935962724553 1.0313553601692287 0.4251286293582469 0.3948497214917672
1.0703201173651304 1.515699079815353 1.0262948041342628 1.0234932613523935 0.4316262170089364 0.41751488757167915
1.0607023619737694 1.5103572536975582 1.0166628293341742 1.0131712923170832 0.43988619561299325 0.4320898092749489
1.0493696994087274 1.5023570004678122 1.0048848336653984 1.0007645781613754 0.45110033007704925 0.4347812681963263
1.0350570612352032 1.4903717473011295 0.9891059951557379 0.9839024063569202 0.46676767708654177 0.4289515435354088
1.0199319905599704 1.4746996271499857 0.9738771880923638 0.9696958515343581 0.48021541310783206 0.42308791634688175
1.0033866792170802 1.456067379942645 0.9563913079308612 0.9516108157871178 0.4966287594909348 0.4132314734240325
0.9800823234914621 1.4306788179326926 0.9287218715514456 0.921011874885401 0.5242276534934742 0.38833495677152885
0.9545880002497736 1.3988801028767326 0.9016762229415349 0.8949640948065447 0.5463712013165078 0.3617293095639516
0.9266180430030111 1.3629201480896551 0.8720819236924309 0.8647046533019008 0.5731712537129658 0.3349439715187684
0.8979585436324504 1.3230382306696 0.8463706876508441 0.8408760664296676 0.6005677189127555 0.3230188480886567
0.874003109720566 1.2852257095433095 0.8313726707833645 0.8279429147587243 0.6296638533032696 0.340773104975442
0.8547382333971804 1.251272432220524 0.8172655522455881 0.8133695419586517 0.6523846256380685 0.3699284965593178
0.8447294337827163 1.2307223258118196 0.8149721002284773 0.8126122829085046 0.6773192658142573 0.4558858056703058
0.8407786332192577 1.2214723251422535 0.81901757524046 0.8178164384178681 0.6949354826701741 0.5769228045017598
0.8418926113941317 1.2194391745058926 0.828079427128098 0.8247383253902087 0.7055605863963017 0.7035135510660074
0.8403929085809426 1.2176777329228903 0.8327047068636112 0.829847325255862 0.7170467547920902 0.8170735504704207
0.8371495772424091 1.2143310472315618 0.8325415721544022 0.8297754560871053 0.7311894076941459 0.908403823095758
0.8311869755604068 1.2078361880736406 0.8286855714327808 0.8261555222640935 0.7473338189028143 0.9822424247409496
0.8221830809289773 1.1961599645580336 0.8238952077870938 0.8219969104107621 0.7633346034926127 1.0480188524361922
0.8148607082505671 1.1860110805484045 0.8201453262524107 0.818666540016842 0.7738746177229843 1.1024559335419712
0.8086587840191244 1.1745098627449981 0.8172350187266905 0.8159997283856966 0.7825829681613892 1.155501524329915
0.8037131233113384 1.1652445870114891 0.8148924675913682 0.8138667559179383 0.7894686219580054 1.198402841663944
0.7997703038134079 1.1577719273148799 0.8130081627632801 0.8121606998088136 0.794938497343626 1.2331787266545196
0.7966278856975159 1.1517369605683345 0.8114933398457864 0.8107960694982349 0.7992888630223007 1.2614435607761303
0.7856350951180713 1.139434636241838 0.7984048388077815 0.8000834007226418 0.7983511996898438 1.2616585536456235
0.7762910694111074 1.125923967843568 0.7869939296781221 0.7888639942139777 0.7947671185043165 1.236938837659846
0.77021813156038 1.1146168998760506 0.7790580224465687 0.7801106393599821 0.7884636100218064 1.1973617343048177
0.7678387026932197 1.1075604670749128 0.774451969581553 0.7748482799740086 0.7786529680955702 1.1494387481959598
