# 9_Joint_Little_Middle 7_Joint_Ring_Middle 5_Joint_Middle_Middle 3_Joint_Index_Middle 1_Joint_Thumb_Middle 0_Joint_Thumb_Proximal
0.945572018623352 0.8500015735626221 0.6913151741027832 0.5901293754577637 0.5157458782196045 -1.4334028959274292
0.9435696005821228 0.8487060785293579 0.6902151226997375 0.588028347492218 0.5135594725608825 -1.4562633752822876
0.9425436377525329 0.8478498673439026 0.6894538497924805 0.5856377649307251 0.5115754580497741 -1.4786305046081543
0.9415853238105774 0.8470991306304931 0.6888000445365906 0.5840623750686645 0.5100056152343749 -1.496823184967041
0.9407565169334411 0.8464783472061157 0.6882638753890992 0.5828619777679444 0.5087460693359375 -1.5116151756286622
0.9400649923324584 0.8459753785324097 0.6878310061645508 0.5819128059959412 0.5077324721527099 -1.5236395268630982
0.9382705774497986 0.8440795972976685 0.6871829682312012 0.580828563659668 0.5068813255081176 -1.5334312891159059
0.937283165184021 0.8425593483474731 0.6866602344291687 0.5799923549407959 0.5061301581581115 -1.541138384754944
0.9380788381317139 0.8414904918692017 0.6862412010015869 0.5793313630671693 0.5054149740950011 -1.546796301218262
0.9401065846617127 0.8408807632463379 0.6859053782130737 0.5788005191684876 0.5048451156628723 -1.550816590954773
0.9420619837709351 0.8406579706777892 0.6856351941033569 0.5783754268170289 0.504397513962793 -1.5538663350501953
0.9437962955052124 0.8406843951312511 0.6853144049012159 0.5780372960472816 0.5040449519928357 -1.5561731404431103
0.945266607269801 0.840770992514913 0.6848142408818797 0.5777716551704974 0.5039053098341673 -1.5582924323373983
0.947193839442855 0.8413488410929241 0.6842461676192916 0.5775695375191189 0.5041681159322142 -1.5616757263417205
0.9494324511624382 0.8427901858504134 0.6838666797314196 0.5774079864491635 0.5041620913175487 -1.5647043935199707
0.9513226061135138 0.8441312308641686 0.6835627079513954 0.5772904281035751 0.5041786220095749 -1.5671682875744604
0.9528461622452422 0.8452660795475971 0.6833194351599444 0.5772106626999927 0.5041826316851135 -1.5691342291348858
0.9540098132495629 0.8462069079419717 0.6831347470606033 0.5771666987238369 0.504165502320747 -1.57064327693889
0.9549156166557111 0.8469698584191596 0.6829899529715112 0.5771351753471725 0.5041492596713864 -1.5717998273921765
0.9578417092516929 0.8498913531392889 0.6828767403046077 0.5771241425512976 0.5041240823625058 -1.5726248365841513
0.9605317473375725 0.8523103264880241 0.6827937876446871 0.5771197151373821 0.5041297612475181 -1.5733308587234978
0.9628441619844379 0.854271600080495 0.6827297381769679 0.5771170195922055 0.5041383693923016 -1.5739322498450092
0.9646327486015274 0.8558428720100442 0.6826721447476596 0.5771103570449192 0.5041449459639755 -1.5744416868694155
0.9658124796849024 0.8569829452406342 0.6826379670913101 0.5770908649434915 0.5041348888276074 -1.5748331432348512
0.966201178415738 0.8576348653134486 0.68270999783 0.5770738765136616 0.504097362661207 -1.5750570920949
0.9662560281627357 0.858073324417812 0.6827976631619187 0.5770600115884317 0.5040634197424605 -1.575164892502214
0.9661818550008917 0.8583975795553067 0.6828768791753175 0.5770488719645319 0.5040369210585558 -1.5751936501086437
0.9660682166400261 0.8586485555685313 0.6829429937996961 0.5770399483444832 0.5040170095717592 -1.5751702837801522
0.9659524269726043 0.858846666091025 0.6829967080432969 0.5770328094484443 0.5040022486333595 -1.575114230526014
0.9641196972390942 0.8586662424988271 0.6831948422494569 0.5770318190194793 0.5039933724311627 -1.5750150284866682
0.9664306597917026 0.8590098630099869 0.6833364814999134 0.5770407064706189 0.5039885245249778 -1.5749004047473423
0.9693755234884219 0.8595523008274537 0.683452332058146 0.5770524417519651 0.5039590400446343 -1.574703491636924
0.9705331822718777 0.8597082669391236 0.6835522365876789 0.5770637611675328 0.5039343199721088 -1.574437289960235
0.9685848991462069 0.8583074470245045 0.6833416829354568 0.5771035488548331 0.5039190500252334 -1.5741520401057003
0.9644882830292764 0.8552691189355215 0.6827215083318554 0.5775786825897258 0.5039082168954919 -1.5738782545897483
0.9607508899617817 0.8527258752112834 0.6822757107319516 0.5780459315683016 0.5039015054240473 -1.5736437051274872
0.9576626040020486 0.8506524060825704 0.6819328770877585 0.5784347511216457 0.5038972448932845 -1.5734435008985597
0.9562940770370881 0.8500637725718974 0.6816752279473675 0.5787432795273825 0.5038935265245214 -1.573265456121985
0.9572461981759962 0.8511116994005965 0.6815894742547141 0.5789857034291874 0.5038909929038822 -1.5731101218555958
0.9595234266270396 0.8522943053708495 0.6816654602478874 0.5791887501403531 0.5038912905885171 -1.5729776290015054
0.9628580587187765 0.8541293218983032 0.6819407542380438 0.5793488510072105 0.5038916837083015 -1.572866317983919
0.9673641146881865 0.8572561443052942 0.6833656946685112 0.5794847279882329 0.5038940009201934 -1.5727761724443863
0.9711565233598937 0.8599527836006684 0.6848657425138311 0.5795977211074748 0.5038965937873022 -1.5727042467476233
0.9725439792736998 0.8622130799422107 0.6862451550080741 0.5796845154823238 0.503899001867 -1.572646658506497
0.9731857137572473 0.8640117206676358 0.6873298737775775 0.5797493137408395 0.5039004872563868 -1.5726007548066014
0.9734806384000544 0.8654467112623496 0.6881916287240578 0.5798002105942646 0.5039011748888802 -1.5725636503769584
0.9736111732604793 0.8665896373433147 0.6888759782073651 0.579838710784219 0.5039009858972797 -1.572533156210075
0.973666832628464 0.8675023569617489 0.6894219199941758 0.5798690817827402 0.5039007035737808 -1.5725081171464048
0.9735002643129153 0.8676728450420554 0.6898586138189795 0.5798928182978963 0.503901467152085 -1.5724878474768895
0.9732693057267604 0.8676289791395708 0.6902079450369646 0.5799117002216605 0.5039022687495915 -1.572471417164556
0.9730393466161679 0.8675359745447194 0.6904874100113527 0.579926781918814 0.5039029577113127 -1.572458082179826
0.9728344938601645 0.8674429861405973 0.6907109819908632 0.5799388353556079 0.5039035208016185 -1.5724472711408946
0.9726609676238371 0.8673626349528221 0.6908898395744716 0.5799484781050429 0.5039039712738631 -1.5724385031004597
0.9697003554627477 0.8651256335703204 0.691055027043641 0.5792541211147106 0.5039335856113146 -1.5723140198341885
0.9669558081090592 0.8632131038449342 0.6911687949465277 0.5788645033279257 0.503897803566719 -1.572011300591777
0.9644037225294226 0.8612196658724256 0.691143377555733 0.5792749193699517 0.5037718554670532 -1.5712364742502771
0.9623233348884673 0.8595035365957981 0.6910469881163637 0.5797230098558551 0.5036487810083166 -1.5702732904231709
0.9605836606628491 0.8577261918178373 0.6907318036927064 0.5801277235279947 0.5032977288776982 -1.567592319129003
0.9583437352662717 0.8563749951832432 0.6906163772879663 0.580392116318581 0.5030643563123026 -1.5638324707969768
0.9565494107632188 0.8552474389642826 0.6904783790062764 0.5806788992964724 0.502867620837806 -1.560600073355416
0.9551110305331825 0.8543274887538235 0.6903521136244852 0.5810314450330336 0.5027164074994074 -1.5578453073644476
0.9539562613123798 0.8535836965351328 0.6902435196082368 0.5813330319457689 0.502599811809615 -1.5555077655906548
0.9530300140662307 0.8529850268768489 0.6900775847944081 0.5815743968433889 0.5025097419876701 -1.5535297523971454
0.9522896361576171 0.8525046010341024 0.6898219321658182 0.5817687166171671 0.5024824134555536 -1.551967988891288
0.9516995988072277 0.852121655108593 0.6895562556974068 0.5819319925655843 0.5025485390064778 -1.5509376132352228
0.9512706154013729 0.8518514068619903 0.6893961308472931 0.5821321123401261 0.5030955023477603 -1.5522623224149605
0.95082451529702 0.851593365804076 0.6891932032961512 0.5821582049973755 0.5033605533369485 -1.553750313368675
0.9497080097786621 0.8508578463679312 0.688521503802845 0.5815223909098266 0.5035345663649323 -1.5556283291556334
0.9479599197858203 0.8492444574265288 0.6869246358845307 0.5795976524892138 0.5036683646855737 -1.557536267946394
0.9455030004305545 0.8469320868991698 0.6851237770059644 0.5776378159000625 0.503809342226822 -1.5595322082124008
0.9434289129672768 0.8451069144839354 0.6836329027922105 0.5761238530694762 0.5039446667364748 -1.5614184005802356
0.9416975094555475 0.8436575888343102 0.6814954817224463 0.574926284584945 0.5040564310973097 -1.563320745130021
0.9403032432936556 0.842498152156468 0.6798005056324736 0.5739668231277033 0.5041378555635777 -1.5650142583049447
0.9391836341971498 0.8415706028141942 0.6784489235832799 0.573198979780544 0.5041977141650651 -1.5665076377230573
0.9382860157294545 0.8408285633403751 0.6773689573251811 0.5725846574191007 0.5042415956141261 -1.5678142310967198
0.9375670388065556 0.8402349317613199 0.6765053657884286 0.5720931876090172 0.5042735417272017 -1.5689498425952713
0.9371594655293448 0.8398633928730452 0.6755325149055231 0.5717309227297308 0.5043407980271472 -1.5700501156991418
0.9369768752875506 0.8406417871820422 0.6749393304630843 0.5720326750047685 0.5044394019181166 -1.5712839566187617
0.9368476473667287 0.8411422654237344 0.6744616000211022 0.5722042797857667 0.5045072462506799 -1.572436229587917
0.936747233341381 0.8415008532401715 0.6740753863935297 0.572326769737732 0.5045364996868538 -1.5734405407916106
0.936667378958261 0.8417743482110337 0.6737647823242049 0.5724218529926393 0.5044627707066669 -1.574118271637805
0.9366060107677746 0.8419912964437354 0.6735182064173778 0.572500315703285 0.5043411549617873 -1.5744823814780298
0.9365567493223801 0.8421055603292742 0.6733212317942111 0.5725631693183042 0.5042357322923363 -1.5746316672444967
0.9363550128764832 0.8417184772703774 0.673168611202123 0.5726134283684617 0.5041532061379768 -1.5746379900837444
0.9361189629417199 0.841256485193072 0.6730479571608561 0.5726536356085877 0.5040897601351434 -1.5745515433044832
0.9356569668278327 0.8405021077864155 0.6733804562400069 0.5726853484053882 0.504114009817862 -1.5746144697738966
0.9351621405780499 0.8397770004648197 0.6737716371782848 0.5727106351963259 0.5041451516790577 -1.5747700012265269
0.9347115386724619 0.8391733230891409 0.6745855708891733 0.572730101689623 0.5042465260063321 -1.5751907568405965
0.9343901816368221 0.8388611604168084 0.6754514495511519 0.5727444827913651 0.5043350283650327 -1.5757643017157634
0.9342899635124301 0.8389353457605097 0.6764462884251012 0.5728656959819325 0.5044027188895359 -1.5764135625350253
0.9342824709167556 0.8390960815362336 0.6773942109730827 0.5732040891875846 0.504484325208522 -1.5771851465215505
0.9343103084365906 0.8392569281905653 0.6781972763369073 0.573551574534577 0.5045437928503809 -1.5779498040763713
0.9343516042550708 0.8393995530009081 0.6787682507379523 0.573970408587775 0.5046196910910652 -1.5787411069940072
0.934395512797062 0.8395188265323488 0.6791553524290459 0.574349404453533 0.504687466873554 -1.5795321016367707
0.9344243573010956 0.8396141976737855 0.6796501658085932 0.5748781570428985 0.5047423669924955 -1.5802988885924365
0.9344264282275037 0.8396934986610316 0.6803446715453425 0.575433004588634 0.5047835571949181 -1.581020393298876
0.9344184647789634 0.8397578812042159 0.6809882525904305 0.5759023099666836 0.5048136602548359 -1.5816854066267108
0.9344077786438494 0.8398096852619872 0.681528306349383 0.5762824511151315 0.5048353465960501 -1.5822878461372452
0.9343972747034096 0.8398512119547069 0.6819676807278523 0.5765874581035615 0.5048507644785307 -1.5828264460000672
0.9343879774813861 0.8398844690716696 0.6823213379187687 0.5768316425082398 0.5048615371428221 -1.5833030784156543
0.9337899411205459 0.8391171408968315 0.6813148125492179 0.5769067674634705 0.5046673683518004 -1.5831184263250528
0.933221759357771 0.8385593663276947 0.6804436337536688 0.5769711470411499 0.5045413945669994 -1.5827266593950031
0.9326908365557358 0.8381295856334143 0.6797267350821586 0.577023866638047 0.5044500569148911 -1.582216192895336
0.9321257889803064 0.8377937838631768 0.6791489722942425 0.5770685218687872 0.5043713720356665 -1.5816170371486051
0.9307338929602156 0.8370298278489032 0.6786833169154416 0.577101420793217 0.5042668916158074 -1.580701859546765
0.929141893897744 0.8361901149875577 0.678317408727971 0.5771358580853793 0.5041737347739692 -1.5797449841126316
0.9276180385862128 0.8354449833016917 0.6780090180773475 0.5770993448469045 0.5041086983599469 -1.5787039195715995
0.9262697433880438 0.8346067638859213 0.6776894925227911 0.5769560628869536 0.50413069819754 -1.577385099348991
0.9250903515379802 0.8327593184840727 0.67679883227278 0.5762189383298876 0.504320114416644 -1.5754994166831724
0.9239822457918466 0.8305844884977379 0.6755793904108144 0.5747249885392762 0.5045027967792869 -1.5736351261886399
0.9228900536448909 0.8292338189971955 0.6745723299060136 0.5721686970386963 0.5047047445378399 -1.5721632441165003
0.9218078386426888 0.8297436902914453 0.6735014289119935 0.5690480145767578 0.5046936996143417 -1.570535556497729
0.9207708582592743 0.8305841739967671 0.672055683096178 0.5657680489981372 0.5042966347822632 -1.5671319850465109
0.9203863537560095 0.8303302213347122 0.6708937935510696 0.5631196386308828 0.5041423354060718 -1.5627991349045793
0.9195280509193889 0.8297723281221521 0.6705562514050342 0.5614294319702274 0.503519921581846 -1.5565029454663881
0.9183719863096994 0.8283519782890425 0.6700582895265847 0.5597539710484415 0.5034299604740949 -1.5489348707545192
0.9174119798024593 0.8269705802813805 0.6696896031369233 0.5585038199013448 0.5033779710648228 -1.5426315735140157
0.9152600620333431 0.8229990506661444 0.6681594908133717 0.5575325476317387 0.5033821797464506 -1.5371931131965886
0.9083249929860495 0.8139897628221917 0.663422243586824 0.5560835708927139 0.50320874739442 -1.5314219662576494
0.8940394809496611 0.8001225386932698 0.6547242298059827 0.5531196443041979 0.5030161546767055 -1.5221197183155677
0.8824706785402465 0.7881088570654556 0.647552350706511 0.5503333805243825 0.502856203484559 -1.5135491271991461
0.8732226341980114 0.778679252934469 0.641838891940636 0.5482052682432059 0.5027471133613777 -1.5063639704528593
0.8658271670355331 0.7711827645874129 0.637276660313068 0.5465238426997283 0.5026692707176361 -1.5003534892513866
0.8599120807658777 0.7651982339363183 0.6336299744525418 0.545183267980736 0.5026136723228577 -1.4953341038477035
0.8218427047738349 0.7279035116943426 0.6007267866356265 0.5340558503388735 0.5089438269192603 -1.4796104313096692
0.7696816838271551 0.6781223985125786 0.562701245850173 0.5221447340106465 0.5146700032277606 -1.465001049134039
0.6989549689680046 0.6247711815492444 0.5247181639717796 0.5120789282683927 0.5191393405376833 -1.4506156225942797
0.6195818597626452 0.5691341013158268 0.4888666201151831 0.5032484847835221 0.5227360654019484 -1.4381048027629237
0.5469115646323971 0.5167508423681979 0.45734941391288625 0.49534834174565623 0.5257801356429394 -1.4283311322494014
0.485504386555466 0.4687754988953213 0.4298260106892537 0.4875743687013956 0.5282689168067404 -1.4207044327389133
0.4329924177974963 0.42698315622685273 0.40575900429496375 0.4803950548060872 0.5305706130672795 -1.4158608026608572
0.38869435523752405 0.39179503394983545 0.38458020491607353 0.47475700258319675 0.5325219764081083 -1.4207016950690545
0.35195000914576874 0.36213920890349016 0.3668217023468603 0.46987572454694987 0.535183643004691 -1.4263193945760566
0.31958716569616974 0.3387381752654542 0.3522001711731425 0.4650794398250904 0.5396905459574027 -1.4313847574134697
0.2874130444389548 0.3199989662825767 0.3410315679077523 0.46073845477602693 0.5461717659323345 -1.4320674779049578
0.2607075859436962 0.3058049810933831 0.33235610259089604 0.45712018371980834 0.553342506415759 -1.4211726381009437
0.24220431064204956 0.2958731041755488 0.3256868241827785 0.45402108122000256 0.5592566133555686 -1.4046329175333674
0.23020022980083293 0.29020471464842246 0.3220898007234811 0.4512749730673564 0.5644662500235967 -1.3896273306926485
0.22443300085631424 0.2878776815831636 0.3225567177836799 0.4507363354466067 0.5690492487600273 -1.3762357896105764
0.22106845952961773 0.28546827652454176 0.32269356734790033 0.449920081321534 0.5726589994947772 -1.3638392500508878
0.22275957984045291 0.28762105996131737 0.32816521197348936 0.4528793340715857 0.5759552230295071 -1.3533612102213743
0.2256681990410101 0.28903707976913323 0.33270868158173644 0.45504189894939195 0.5785819140956028 -1.3444243597939207
0.23854641292772386 0.2954549441001882 0.3412345786558158 0.4608841945039807 0.5816777466046987 -1.34196977042791
0.24901810625618054 0.30157616927322306 0.3485827735794836 0.4662613776769303 0.5842738126363896 -1.3424512721986512
0.2573478010449835 0.30578473364588865 0.3541270666705174 0.47008111337392033 0.586158583533489 -1.3437951785636695
0.2640112230900151 0.3093238902511378 0.3586319882382236 0.4732535780236602 0.5876917560670561 -1.3452246890316606
0.269341805753964 0.31218688944357076 0.3622520127860135 0.4758140743387127 0.5889143363454967 -1.3466713035782338
0.26949843301602827 0.3145634651929334 0.36573354673126746 0.4782885015497513 0.5898587954695248 -1.3486675901953507
0.27362265812737646 0.32556252247096656 0.3731628399828228 0.48288238052446897 0.5924999437852878 -1.3589025246098938
0.2791687339733672 0.3363779848098879 0.37945113513780854 0.487042880089436 0.5947365182339492 -1.3684659327662232
0.28756555439556697 0.3471704534912209 0.3864292099786856 0.4914689827214512 0.5966363086461499 -1.3772454043703273
0.2950575015666092 0.35800092516136967 0.3933232879410631 0.4950266018113162 0.5986711012649119 -1.385064441400925
0.30070035749451357 0.3681850063625399 0.3994437401112275 0.4981196510474416 0.6005408825339937 -1.3920926955844242
0.301266603420385 0.37948873661545307 0.40810662067861214 0.5012035002454545 0.6030286838103981 -1.3896621153756203
0.30338860174036686 0.3893234791166575 0.4160607660367557 0.5039538447176953 0.6057916156045319 -1.3800679434143879
0.30477396742516094 0.3975448717122866 0.42265611724491664 0.5066295984677903 0.6085405128472424 -1.372721122805546
0.3052571503004498 0.4036743668274556 0.4282174216622968 0.5096103885406202 0.6114453734774095 -1.3689289944205842
0.3071725676600986 0.40715618352544103 0.43255918279606975 0.5112202555842357 0.6131646443858705 -1.3666356529262988
0.3100412674860043 0.4083635323878272 0.4356122478272031 0.5122085762744869 0.6147426334583729 -1.3657114287588858
0.31411658828384736 0.4061182529637133 0.4336600613137492 0.5097446046452304 0.6160561774225211 -1.366086203286955
0.3186001348887051 0.4014646185166768 0.4264595040909774 0.5016907673820321 0.6162724998832683 -1.366267433508165
0.3229394927338095 0.39589231592235025 0.41733820273338373 0.49164095495100535 0.6160237596226485 -1.3656143830171643
0.32374860642078174 0.3827670465454821 0.4001450263171086 0.4732775864915507 0.61442806369406 -1.3539344776432847
0.32064543603040896 0.3658496102130703 0.37927165807952 0.4519544265998568 0.61233157353673 -1.3398597088465003
0.3175254578445603 0.34891590757658414 0.35992344762221584 0.4308515089617702 0.6100361858771135 -1.3270763990886139
0.2932731660250226 0.3289329998373217 0.3370096557961751 0.40819465898406765 0.6074371151102296 -1.3125070999151172
0.25861134843376476 0.30847317220204884 0.31549744495764165 0.3878576321040174 0.6047737687407105 -1.2975839670567275
0.22937354816076913 0.2915645409936413 0.29809199125778507 0.37107896905220195 0.6024896335266565 -1.2841352698062707
0.20601625589988834 0.278183142885741 0.28420894623765813 0.35782293161612067 0.6007378444403437 -1.2730408809069673
0.18734956859320168 0.267520203626296 0.27311736667926684 0.347254490302891 0.5993566787505171 -1.2638757627394899
0.17242752127861788 0.25900251224529036 0.2642495926203376 0.33880805806071795 0.5982610683650987 -1.2562920412371241
0.14383159034364074 0.24979633831891448 0.2567823585654931 0.33348108399511367 0.5953846058059706 -1.2462861268480367
0.12424804729551195 0.24506868417193914 0.25474958573068274 0.33295474901676964 0.5944357817021191 -1.2360796951261954
0.11190708498025034 0.24200993176404972 0.2556233144147006 0.3344809945812288 0.5939347747681284 -1.2264142769978679
0.10709142353029326 0.23964695152524582 0.26161851575714806 0.34093069524689223 0.5940867307756539 -1.2168769946421176
0.1111736032636267 0.2414879224052705 0.2716917859772242 0.34910651040970253 0.5949709131697174 -1.2078221409102272
0.11573642756710864 0.24261728694841683 0.2801052107222396 0.3554295102190889 0.5955623280508802 -1.1986845229927692
0.14352612706955606 0.2561383964284692 0.29368696203291556 0.36853940085028947 0.5972885284029233 -1.19156144419225
0.17161804249236054 0.27098605407591136 0.306270329876424 0.38083558714751675 0.5988776400250425 -1.1861397374384557
0.19820077864606434 0.2891736477479575 0.3190370251525888 0.392893560221706 0.5992063533911888 -1.1809611359209184
0.22232362745824857 0.3084304332626055 0.3355728487006385 0.4042980968879971 0.5988078794201044 -1.1722230942225746
0.24338169788220249 0.32936886548139177 0.3524352629845587 0.4136006712855747 0.5981997077719233 -1.1637787605266803
0.261644724169562 0.34932954191476123 0.36818934240859724 0.4211974883033316 0.5990170578206271 -1.1557325192245669
0.27675050748124896 0.36555951499390615 0.3815234900229929 0.4274072344266161 0.60071252902704 -1.1418910557391506
0.2902983745156541 0.37886911363163006 0.3922539413542555 0.43267722091379046 0.6027443458267651 -1.1226865239431272
0.3009949759816181 0.3896288731158448 0.4008353817916716 0.4369178983473959 0.6044952193600814 -1.106939235328818
0.31176982412139986 0.39928264089112864 0.40839430240446767 0.4413946010990288 0.6071429904065833 -1.0927633833878714
0.3225167003424995 0.4076393001690339 0.4152608299068963 0.44583726829873294 0.6096113368481243 -1.0795670423502508
0.33303698755518857 0.4154335541260108 0.4216450817435865 0.4496098352002046 0.6119897162604209 -1.0675307491298345
0.34273038393033556 0.4236596391782653 0.4276947313189415 0.45268186072722605 0.6138987140407464 -1.0567735655209085
0.3505336609345516 0.43006866702918145 0.43252701828002194 0.45513535650742476 0.615438333872978 -1.0476430831830232
0.35679304336403533 0.4351659200945213 0.43639074380492576 0.45709737827120167 0.6166806751283201 -1.0398764990552687
0.361806462088384 0.43923826276133177 0.4394811162574721 0.45866684667061125 0.6176842279269054 -1.0332530564295788
0.36581928919089457 0.44249514149721236 0.44195323540557485 0.4599223915878165 0.6184959393369162 -1.0275900941075913
0.3701782635079433 0.4491951915192268 0.4466763325833405 0.4612685826733294 0.618362115353505 -1.0219403490211194
0.37122405459297575 0.45332598706624205 0.4529519946021338 0.4594624886762764 0.6177930486441932 -1.003079675418983
0.36911232582579356 0.45339085476033925 0.45528180961946646 0.4572404642781946 0.617794962902171 -0.9786195816857418
0.3634356245346888 0.44696133388227655 0.4511300747803052 0.45224778214147354 0.6189537184868674 -0.9502609183202426
0.3536206173855483 0.4370065435023819 0.4420089701979319 0.44356417543928356 0.6204377760437664 -0.9236774770267996
0.3404046227898931 0.4245928549171857 0.4299973710512288 0.43128053456338666 0.6223011175749729 -0.897959985562022
0.3249747578594474 0.4091160137177604 0.414738852909022 0.41613368677927987 0.6239535935686453 -0.873337191921755
0.30995049570348965 0.39242068439492367 0.39905255169138387 0.4001671909319078 0.6252459746969878 -0.8521596889355058
0.29550744787333094 0.37621670770461385 0.3828894784487492 0.3850234519661836 0.625905669718833 -0.8268690189248938
0.2831239566840941 0.3616253062710367 0.368129544690228 0.3718214926100868 0.6256620701073418 -0.805584890089561
0.2723168355733724 0.34919642803074535 0.3552315956234745 0.36067036366280697 0.6238046380614288 -0.7865299204525387
0.2620952365804173 0.33864190695287083 0.34456097887991366 0.35080489377829854 0.6214676692275244 -0.7684319670627145
0.2536452482548123 0.33025178525925714 0.3359180077476382 0.3427522886646066 0.6207443630050054 -0.7514642878873847
0.24583090507243202 0.32328167131806246 0.32764782186850544 0.3342337456426838 0.619732118078107 -0.7373043620191974
0.2388324502170414 0.31770986573906607 0.32077152273261256 0.3269363401001151 0.6189540437285379 -0.7253025312108169
0.23210093880179167 0.31327552403618386 0.3152562557951904 0.32122123699708427 0.6183847039083064 -0.7152149906859692
0.22613123460199547 0.3097416643747448 0.31075095171104244 0.31664771208225606 0.6179420708926058 -0.7069378917301413
0.22075068675348053 0.3069409040171909 0.3071409148722519 0.31301747853802775 0.6175939249445228 -0.7001460651465032
0.2152753360896817 0.3047574267831649 0.30429354768988526 0.3101702677825859 0.6173146810093902 -0.6945012338882902
0.21069829168554235 0.303033372246997 0.30203809509274987 0.30792799374419616 0.6168545242913074 -0.6898199540715392
0.20696347357937567 0.3016579611967217 0.3002401345538904 0.3061389369246019 0.616441313963533 -0.6859334645542284
0.20394869269616503 0.3005582701262006 0.2988035721435396 0.30470831731769665 0.6161044514508252 -0.6827012966372792
0.20152676202207484 0.2996786305186088 0.29765484673613296 0.3035639110391396 0.6158360700870518 -0.6800072845060209
0.1995854057657693 0.29897493671392883 0.29673602138228405 0.3026483979372229 0.615623761102753 -0.6777564451089366
0.1986383539667109 0.29930674871615953 0.2998035407405471 0.3097996852038738 0.6141834170700686 -0.6752587330334079
0.19812792875213459 0.299866526053845 0.3040667836937408 0.31761532952296234 0.6101920653249087 -0.6713456449502859
0.19689792067085135 0.29813940423846175 0.3070498279788574 0.3238107198866804 0.6053564825745632 -0.6605845044131401
0.19553816950539293 0.2939755765447611 0.30872437533207575 0.3287784583880583 0.6007002098633615 -0.6510660966297247
0.19440251498396827 0.2906853018482204 0.310017962666097 0.33275223791711167 0.5969821296750519 -0.6430021540371782
0.18262554632803307 0.26638531253971065 0.29268602185387826 0.32798934197515356 0.5873271292542628 -0.6254735840199952
0.17011849524323547 0.24159067822486086 0.2747640780841463 0.3221519427783498 0.576803594119963 -0.6097941241930774
0.1517727161784522 0.21520871631693778 0.25446769473832076 0.31343704957065655 0.5630856389106249 -0.5927543753203433
0.13504442654765067 0.19166120558891248 0.2370012273620067 0.30435929098365844 0.5504238553286342 -0.578101953968738
0.11662388584189746 0.16963744646242102 0.22098083656871303 0.29389893133352707 0.5381372767639755 -0.5650296855809962
0.09908789352018145 0.1509493732327687 0.20672802219266878 0.2829957027746082 0.5261723437271594 -0.5528197923376302
0.08378108220150873 0.13629066448406119 0.19508911939044943 0.27432473456961637 0.5148947209804915 -0.540737304216555
0.07120409646611059 0.1275716399232208 0.1886013618833236 0.2677025056370316 0.5058070099901885 -0.5306761587666918
0.0644050906716239 0.12828253011541838 0.18871447318604884 0.2635229622513626 0.4976944666347289 -0.5225038965549031
0.0674073796962461 0.13772454997410197 0.19602923889010188 0.2638117687058905 0.4905846628539867 -0.5161843113109239
0.07783023627557446 0.15329401306716456 0.20847812333940693 0.26910132298091727 0.484494512319017 -0.5121943085992152
0.09302514483100645 0.17331265896485532 0.22461087138842922 0.27857585652049127 0.479258636664906 -0.5116116308851095
0.11137787154965775 0.1961622138017518 0.24345433021697507 0.2912831874956746 0.4747566779705356 -0.5160078210578801
0.13240536671203912 0.22029182705832345 0.2646079425423392 0.3067052461520878 0.47115847867746913 -0.5270620666302397
0.15508976873813105 0.24546169951401411 0.2877095869707305 0.32442814889081695 0.46890083274857014 -0.5463832801466906
0.17305058476971016 0.2663673139798026 0.30616744808572444 0.3395905914507578 0.46719123976720023 -0.5630164413361329
0.18741677890337646 0.2829633217801556 0.32093481582179 0.3515237190407332 0.4657843336049131 -0.5767563437389198
0.19890883119994116 0.2962191829482639 0.33274903187572424 0.36104564015720814 0.4646416961815684 -0.5880795601977399
0.20810213031048547 0.30682020023663237 0.34220050604676777 0.3686598034274938 0.4637169348928713 -0.5973946121512644
0.2951644249095517 0.4075247775332085 0.4504389550807919 0.46172145140746135 0.4753459419992275 -0.6496685836457247
0.37089894114605565 0.4936012610448163 0.542645818910825 0.5410420666740647 0.4846617600271469 -0.7000440672034449
0.5588545393838245 0.6761742579661021 0.7200588519746682 0.7054692324484437 0.4992942230661206 -0.7883524668212276
0.7614428911124673 0.8552986659782894 0.8904063411851423 0.874718460757339 0.514874996086716 -0.8919741449352536
0.9235135724953816 0.9985981923880393 1.0266843325535215 1.014134028211279 0.5317465315983767 -1.007890791701987
1.053170117601713 1.1132378135158392 1.135706725648225 1.1256664821744309 0.5447613080919643 -1.1086768635175344
1.156895353686778 1.204949510418079 1.2229246401239877 1.2148924453449523 0.5601423208380429 -1.2292239767759416
1.2398755425548302 1.278318867939871 1.2926989717045978 1.2862732158813697 0.5713818529816221 -1.3291543803572157
1.3062596936492719 1.3370143539573045 1.348518436969086 1.3433778323105035 0.580806172654768 -1.4090987032222348
1.3593670145248251 1.3839707427712513 1.3931740091806764 1.3890615254538106 0.5925106459981124 -1.4730541615142503
1.4018528712252678 1.4215358538224088 1.4288984669499487 1.425608479968456 0.6021336479287085 -1.5242185281478626
1.435841556585622 1.4515879426633347 1.4574780331653667 1.4548460435801727 0.6120995174488018 -1.5651500214547525
1.4630325048739052 1.4756296137360754 1.480341686137701 1.4782360944695458 0.620249584566799 -1.5978952161002644
1.484785263504532 1.494862950594268 1.4986326085155686 1.4969481351810443 0.6270968319982269 -1.6240913718166738
1.5021874704090332 1.5102496200808222 1.5132653464178625 1.5119177677502431 0.6344411255526525 -1.6450482963898014
1.5161092359326342 1.5225589556700654 1.5249715367396977 1.5238934738056022 0.6405076290454851 -1.6618138360483035
1.527246648351515 1.53240642414146 1.5343364889971658 1.5334740386498895 0.6455493494102467 -1.675226267775105
1.5361565782866198 1.5402843989185757 1.5418284508031403 1.5411384905253194 0.6498879610879508 -1.6859562131565464
1.5432845222347036 1.5465867787402683 1.54782202024792 1.5472700520256633 0.6537630056844781 -1.6945401694616995
1.5489868773931705 1.5516286825976224 1.5526168758037437 1.5521753012259383 0.6571581677998408 -1.701407334505822
1.5535487615199441 1.5556622056835057 1.5564527602484026 1.5560995005861584 0.6600939406081283 -1.70690106654112
1.557198268821363 1.5588890241522122 1.5595214678041298 1.5592388600743345 0.6626077471672888 -1.7112960521693583
1.5601178746624982 1.5614704789271774 1.5619764338487117 1.5617503476648753 0.6647437833547112 -1.7148120406719491
1.5624535593354063 1.5635356427471496 1.563940406684377 1.563759537737308 0.6666997570037457 -1.7176248314740217
1.5643221070737328 1.5651877738031275 1.5655115849529093 1.565366889795254 0.6684855737876585 -1.7198750641156797
1.565816945264394 1.5665094786479097 1.5667685275677352 1.566652771441611 0.6700797135505431 -1.7216752502290062
1.567012815816923 1.5675668425237355 1.567774081659596 1.5676814767586964 0.6715234919288439 -1.7231153991196675
1.567969512258946 1.568412733624396 1.5685785249330846 1.5684605243100944 0.6727291070539698 -1.724146640012592
1.5687348694125647 1.5690894465049245 1.5692220795518754 1.5628823997413495 0.6733159322038448 -1.7238875434477567
1.5693471551354594 1.5610538991610319 1.5532997741990564 1.5432036925820811 0.6732947507298117 -1.7209843004289818
1.5698369837137753 1.554427168553679 1.540404645180168 1.5273535577033601 0.673362253411303 -1.71839682297258
1.528040535953259 1.4951938802286855 1.4695808629794616 1.4551430962542409 0.673082123838814 -1.6972190224039427
1.4429333986493869 1.4078564019429582 1.3832964214168944 1.3610048430808157 0.6705374206248538 -1.6537354296769995
1.3185790444734036 1.299034974688522 1.2793070962018138 1.2554614295679545 0.6636259146645559 -1.58434555580825
1.176166889295764 1.1766537004424984 1.1641033522277169 1.1412489573254756 0.6491513878595744 -1.4802380136697324
1.0204435147649344 1.046453048683314 1.0452047651600116 1.0223149069225448 0.6300138259324959 -1.3661547368406322
0.8660984015708205 0.9166841247853504 0.926340418306293 0.9036506182412829 0.609111406357569 -1.2538267545413229
0.7413823496298024 0.8117298336169614 0.8292450267055049 0.8078888647922298 0.5923501435530046 -1.1612561839827897
0.6064994352854116 0.6965605677240287 0.721571251390649 0.7069437975222603 0.5668368604669459 -1.0643194475181104
0.4895674350845276 0.5951390404362039 0.626183104227601 0.6216996868081678 0.542665133229056 -0.9797735816961289
0.3937789387767481 0.5084613701787437 0.5443883005465019 0.5501067844730845 0.521676893513329 -0.9088812237362671
0.31715856900433437 0.4388913832971927 0.47898703127582454 0.4926149294934456 0.504864528164011 -0.8517207674487915
0.2556246063708841 0.3784937817151925 0.4203886662680275 0.44481938252145325 0.48850899289825894 -0.8025918739878724
0.20639734741595023 0.32989450957739996 0.37351831593182616 0.4064278357767604 0.4753421255014685 -0.762848495470968
0.16701550746944852 0.29097387227507154 0.3360249324486012 0.37569708653637107 0.46480004851518847 -0.730732046784947
0.13551002284626013 0.2598307761199611 0.3060312687433048 0.35111028177220294 0.4563701420187853 -0.7047993606106358
0.11030563030483202 0.23491523823319574 0.28203671328832974 0.331440557819038 0.4496312116908949 -0.6838744096577896
0.08804450423436613 0.20974136619709888 0.25694453936902895 0.31157388769104427 0.4436426381530699 -0.6662766903734789
0.07023560337799342 0.18956380569094783 0.23657167134355078 0.29573241955053287 0.43890203795928456 -0.6520997858124244
0.05598848269289525 0.17339463270230585 0.2200477196985131 0.2830940392495114 0.4352135977117117 -0.6406962494911566
0.04459078614481671 0.15994964479624027 0.20606091910311744 0.2731977180147901 0.4333271996949431 -0.6327952918101799
0.03547262890635387 0.14923041712616916 0.1948779814935459 0.2652968317671406 0.4318261279085729 -0.626825501655694
0.06925549899338448 0.17407870015601346 0.22156248040968046 0.2897423863731851 0.41796119081333905 -0.6596148770134895
0.06832253322838755 0.1742398120649658 0.22530086177964104 0.29254311802570265 0.41803999199355146 -0.6630843528971075
0.08019918907355476 0.18560927630964935 0.23901072016063604 0.30236207034257445 0.4168407496125261 -0.6703468401324748
0.08713810858067837 0.1944709173560462 0.24989094631436087 0.3092124111339839 0.41465319008117996 -0.6742869487676619
0.09448307279298279 0.20331134611132318 0.2596982482795923 0.3153175669420077 0.41254903126149245 -0.6761190788963317
0.1018169514222906 0.21138020725061554 0.2677386572937178 0.31933155318167317 0.4109766284496694 -0.6758004821951293
0.1087748431669844 0.2190188447317287 0.27509116697152514 0.3224429759189805 0.41004780132540936 -0.6732078391405029
0.11538470276253801 0.22602885800050138 0.28192242636553494 0.3267772593343513 0.4087239579277744 -0.6688980856014953
0.12169321269239888 0.23285442461527536 0.28831217610257504 0.33316842502309935 0.4085311175121872 -0.6645571786939037
0.12919292760249698 0.240694867531118 0.29575572151674934 0.3446114125724956 0.4094706976997064 -0.6613768616341696
0.1342456979541518 0.24552973068527953 0.30105576506244425 0.3525205542942941 0.41071454720395456 -0.6584005816001214
0.15328542633760275 0.2665290391983396 0.32181336157311824 0.3792941681783247 0.41544804204859453 -0.6665473114028388
0.18385588323202373 0.3069123452140336 0.36043054002753755 0.41841624675121686 0.42598627391940846 -0.6795608624279351
0.247962289612505 0.3874232630120472 0.4349832307357141 0.48052392004272765 0.4393164506235639 -0.6952859699296833
0.43023828948419346 0.5968744643677677 0.6472170170989473 0.6827735948430811 0.4647640340073045 -0.7562294196739102
0.6570935351441785 0.7915091425696537 0.827941760766255 0.8382210054292134 0.4876759094034144 -0.8026528749191209
0.8400340877207505 0.9475665736611306 0.961925375737943 0.9583570415412467 0.5016355190304524 -0.8613015010613954
0.9863865297820081 1.0724125185343123 1.0696363117521586 1.0551680608300433 0.5111385920546537 -0.9137514269080762
1.1034684834310142 1.17219307253619 1.1557971689085629 1.1325893389151944 0.5189885051172642 -0.955908253648043
1.1971340463502191 1.252012485105673 1.2247192265971871 1.1945039500368797 0.5254265905317996 -0.9898068307703021
1.272066496685583 1.3159692476899463 1.2941346408831573 1.2694760695754022 0.5445518327472476 -1.1066976784757998
1.332012456953874 1.3671346577573646 1.3496669723119337 1.3291018593834663 0.5576214180563186 -1.2311333417171022
1.379969225168507 1.4080669858112995 1.3940928374549546 1.3768131723822612 0.5661034096220569 -1.3306818723101441
1.4183346397402132 1.4408128482544473 1.4296335295693714 1.4146629087783065 0.5746027675421584 -1.4103206967845776
1.4490269713975783 1.4670095382089656 1.458066083260905 1.446089586628053 0.586132383120183 -1.4740317563641245
1.4735808367234704 1.4879668901725802 1.4808121262141316 1.47123092890785 0.5976613448239357 -1.525000604027762
1.493223928984184 1.504732771743472 1.499008960576713 1.4913370885928938 0.6071756709557368 -1.565775682158672
1.5089384027927548 1.5181454770001852 1.513566428066778 1.507382200438219 0.6151538434776936 -1.5983957446633998
1.5215099818396116 1.528875641205556 1.52521240205883 1.5202650199559828 0.623830015909932 -1.6244917946671822
1.531567245077097 1.5374597725698524 1.5345291812524717 1.5305111225626866 0.6311228358366188 -1.645368634670208
1.5396130556670853 1.5443270776612896 1.541982604607385 1.5386393162554106 0.6371952004129169 -1.6620701066726289
1.546049704139076 1.5498209217344394 1.5479453432913157 1.5452707126097363 0.6441637521500967 -1.6754312842745656
1.5511990229166686 1.5542159969929592 1.5527155342384602 1.5505758296931966 0.6499120788189238 -1.6861202263561148
1.5553184779387426 1.557732057199775 1.5565316869961758 1.554764491040324 0.6545134700467161 -1.6946713800213542
1.5586140419564019 1.5605449053652278 1.5595846092023484 1.5579777572304525 0.6580312663022655 -1.7015123029535457
1.561250493170529 1.56279518389759 1.5620269469672865 1.5605280092359002 0.6606914968255343 -1.706985041299299
1.563359654141831 1.5645954067234797 1.5639808171792369 1.562609695673022 0.6627883768847134 -1.7113632319759016
1.5650469829188727 1.5660355849841916 1.5655439133487972 1.5642151779175069 0.664397025646412 -1.7148657845171837
1.5663968459405058 1.567187727592761 1.5667943902844454 1.5657314019394133 0.6668728427423188 -1.7176678265502094
1.5674767363578124 1.5681094416796166 1.5677947718329641 1.5669443811569383 0.6702988256083449 -1.71990946017663
1.5683406486916576 1.568846812949101 1.568595077071779 1.5679147645309583 0.6729500022782103 -1.7216649062074052
1.5690317785587338 1.5694367099646886 1.569235321262831 1.5686910712301745 0.675003185053922 -1.7230698829203308
1.5695846824523947 1.5699086275771585 1.5697475166156725 1.5693121165895474 0.6765944474381266 -1.7241943888115454
1.5700270055673236 1.5702861616671346 1.5701572728979456 1.5698089528770456 0.6782608956847237 -1.7249987214603082
1.5703808640592665 1.5705881889391153 1.5704850779237642 1.5702064219070442 0.6845395351055182 -1.7097472739059174
1.5706639508528208 1.5708298107567 1.570747321944419 1.570524397131043 0.6874431319715911 -1.6893030557504054
1.5708904202876643 1.5710231082107677 1.5709571171609429 1.5688809892624516 0.6803140717889733 -1.6732991578953071
1.5710715958355392 1.571177746174022 1.571124953334162 1.5655711047720828 0.6726440849420123 -1.6623027279199445
1.571216536273839 1.5713014565446253 1.5653857090509966 1.5532462400493556 0.6664177467438931 -1.6512165033198423
1.571332488624479 1.571400424841108 1.5503317911177503 1.5323337636230416 0.65974831501749 -1.6378250092964988
1.571425250504991 1.5590717959428326 1.5161493697762194 1.4908609407614093 0.6486839645712125 -1.6233690715393718
1.5486756255901502 1.5147034540195858 1.4594329817294838 1.4276934637602505 0.6364712352441587 -1.6052035360782382
1.4828529827337777 1.4417925846115427 1.3808686910629082 1.343028193630881 0.6219125219096214 -1.5825650190710256
1.381691505316203 1.3426635560620368 1.2876776360320892 1.2406862067525442 0.6096178633300042 -1.5524209098338468
1.2531870641734641 1.2308553097429704 1.1792720002212402 1.126382147260098 0.5991324339173298 -1.5089775050734984
1.1125322730085405 1.1123561928894385 1.0617141041976832 1.0026525417865026 0.5892831686228165 -1.4498907109145727
0.9703695417039515 0.9931080635568511 0.9450126221833723 0.8807070739985076 0.5770747425627429 -1.3797199074462578
0.8505327892774679 0.8938763853852758 0.846725839857904 0.7802050859070275 0.5678718735751882 -1.3162036612856807
0.7259325448651582 0.7926300320581443 0.7480708030737622 0.6825209379463557 0.5596859375617802 -1.2600883782091477
0.6013238927904344 0.692202586218186 0.6541509304743753 0.5945795899843505 0.5481004770582437 -1.2104281854774743
0.48418441411821656 0.5976000484104695 0.5674243727764882 0.5173819612435763 0.5372453853277779 -1.1704140005227877
0.38714753128507373 0.5078572556396915 0.48595476225546175 0.4483484825271181 0.5262744068931274 -1.1402740476701223
0.3095180250185595 0.42843760997220626 0.41613801181738513 0.3902945499243587 0.5166155528887695 -1.1175526855924578
0.24741442000534813 0.3632836049808244 0.35849190044740786 0.3435020341970324 0.5095032021891741 -1.101955833318937
0.19773153599477902 0.3106092755805 0.31237306525977415 0.3069857483703136 0.5030703437719082 -1.0948271054292584
0.15798522878632373 0.2685626835473811 0.275478232548014 0.27760685488368986 0.49799359777715485 -1.0892675557347031
0.1261881830195595 0.23498568958826346 0.24596253327161127 0.25399879717656704 0.4939774170648788 -1.0849456817795349
0.10075054640614811 0.19774249341517675 0.21393233173394247 0.23117654008729244 0.48849713564966 -1.0867167258969554
0.080400437115419 0.16606374126815787 0.18785797215147054 0.2123435317123968 0.48418358374479514 -1.0898431892960556
0.06412034968283571 0.13968316797132485 0.1673570928505519 0.1993410431261888 0.48027633753492915 -1.1045833870386512
0.05109627973676908 0.1175270420012092 0.15049237470082116 0.18833681288687634 0.47831575772821494 -1.1192035710505988
0.04067702377991577 0.09988917928017897 0.13701286830704745 0.1796019442345957 0.4765894309811559 -1.1311107425445195
0.03234161901443312 0.08622673567992625 0.1277497478779263 0.17510430752962908 0.47366377481879923 -1.148351371173372
0.02567329520204701 0.07687173071990154 0.12150152273623997 0.17406688225054806 0.47070755775024203 -1.1644293068920057
0.02033863615213812 0.06760704283209437 0.11516703862070127 0.17108613226242117 0.46932159038583204 -1.17769041054046
0.016070908912211003 0.0600954390956306 0.11001867958401905 0.16893547752243082 0.4682468269046129 -1.1884803246863354
0.012656727120269311 0.05462655752049633 0.10636899746255292 0.16849557740483126 0.467095138134637 -1.1980672654634847
0.009925381686715959 0.04916732684589822 0.10291780781186591 0.16759458230331295 0.4662096154706307 -1.2069444558720694
0.0077403053398732765 0.04474080146008649 0.10015279552489098 0.16700332499658865 0.46544265365732734 -1.2144397180637445
0.005992244262399131 0.03919201848430569 0.09652408908724448 0.16489214211397013 0.46654936962233406 -1.2213341936557076
0.004593795400419815 0.03385366958646484 0.09275289436912268 0.16299260961765163 0.4686627828511113 -1.2281469380925958
0.0034750363108363618 0.02984636141424185 0.08972811548499846 0.16403074409766288 0.47037531085272744 -1.2358665924128585
0.002580029039169599 0.02636516991607194 0.08664012728999919 0.1671766864951713 0.4724037261602093 -1.2444833883330577
0.001864023221836189 0.026055887070114175 0.08531570457514816 0.17270455381840571 0.4739774931905118 -1.2528785283315462
0.0012912185679694608 0.028861567905994066 0.08664674777266736 0.18074487941718184 0.4752785459707139 -1.259605822161697
0.0008329748448760784 0.03554961351072932 0.0913389377274303 0.1920527521551139 0.4771229780157374 -1.2639567114479244
0.0004663798664013724 0.04790290955715294 0.10105534612959134 0.20772089988235526 0.47859978130976094 -1.2670422440820457
0.00017310388362160766 0.05783839783281418 0.1091882524476489 0.22040406012728925 0.4795634583752929 -1.2695749478382683
-6.151690260220414e-05 0.0656835457580116 0.11580192248710319 0.2305267166630039 0.4802069772181176 -1.2715793432269744
-0.0002492135315812536 0.07189141379966947 0.12116880079657495 0.23860942216997222 0.48063463242032234 -1.273164382098059
-0.0003993708347644931 0.07681110187112977 0.12551765827775527 0.24506529285339415 0.4809152803514648 -1.2744162245734056
0.049200429641773985 0.14534809338044874 0.18955248545360986 0.3008299161102605 0.48808959894929316 -1.2852711331163662
0.12735349466289736 0.23833660401496692 0.27970830162964205 0.36844977053850747 0.4979246081793625 -1.3049294909886373
0.23996677819796924 0.3626851528294357 0.3997329518048123 0.45730982472777254 0.5044135309763208 -1.318143197779008
0.3890463815046034 0.5107006382471301 0.5362634932874167 0.565384529036521 0.5097686415916646 -1.3265922616991586
0.5139169777165001 0.6322459182362539 0.6492113332651873 0.6550781663276666 0.5130697422032328 -1.3257556161143929
0.6962448187454657 0.7946747939762101 0.7978529580992715 0.790195531528625 0.5176338142398811 -1.3278743903524517
0.8713551146017803 0.9488688787600696 0.9356373507628645 0.9197506959290768 0.5249955206111127 -1.339292310133524
1.011443351286832 1.0734543626134634 1.062139698572938 1.0414882942081662 0.5343917965090317 -1.360461610519844
1.1235139406348733 1.1731227496961785 1.1640710184637582 1.1475498949719407 0.551972978051189 -1.4039440297794006
1.2131704121133065 1.2528574593623505 1.2456160743764142 1.2323991755829602 0.5663747252906826 -1.4389097089538305
1.284895589296053 1.3166452270952882 1.310852119106539 1.3002786000717759 0.5845975448199484 -1.488179134922769
1.3422757310422502 1.3676754412816383 1.3630409548906388 1.3545821396628284 0.5992499009377459 -1.5279477020879955
1.388179844439208 1.4084996126307183 1.4047920235179188 1.3980249713356705 0.6149163496976454 -1.5681333606068588
1.424903135156774 1.4411589497099824 1.4381928784197426 1.432779236673944 0.6277746639637438 -1.6002818874219495
1.4542817677308268 1.4672864193733937 1.4649135623412017 1.460582648944563 0.6352222865413258 -1.626000708874022
1.4777846737900693 1.4881883951041226 1.4862901094783691 1.4828253787610581 0.6408881668719156 -1.6465757660356801
1.4965869986374631 1.5049099756887059 1.503391347188103 1.5004867873075525 0.6430526236273848 -1.6630358117650066
1.5116288585153783 1.5182872401563725 1.51707233735589 1.514443704405063 0.6443826444608373 -1.6762038483484676
1.5236623464177104 1.5289890517305058 1.5280171294901197 1.5247785877534814 0.643434682501348 -1.6867382776152364
1.533289136739576 1.5375505009898123 1.5367729631975036 1.5331239566285664 0.6430632305248516 -1.6951658210286515
1.5409905689970684 1.5443996603972576 1.5437776301634105 1.5408584249082609 0.6454428658568014 -1.7019078557593836
1.5471517148030625 1.5498789879232138 1.5493813637361362 1.5470459995320165 0.6474145591801921 -1.7073014835439693
1.5520806314478577 1.5542624499439788 1.5538643505943166 1.551996059231021 0.649044079824012 -1.7116163857716378
1.5560237647636939 1.5577692195605908 1.557450740080861 1.5558249767717185 0.6500753269543024 -1.7150683075537727
1.559178271416363 1.5605746352538803 1.5603198516700965 1.5566140267130901 0.6448993886271931 -1.7178298449794807
1.561701876738498 1.562818967808512 1.5626151409414848 1.557142460574879 0.6410640640862637 -1.720039074920047
1.563720760996206 1.5646144338522174 1.5644513723585955 1.560073228065311 0.6436434518343491 -1.7218064588725
1.5653358684023726 1.5660508066871817 1.5659203574922842 1.5624178420576564 0.6455610737042652 -1.7232203660344623
1.5666279543273058 1.567199904955153 1.567095545599235 1.5642935332515329 0.6471318757404507 -1.7243514917640321
1.5676616230672524 1.56811918356953 1.5680356960847956 1.565794086206634 0.648537421692977 -1.725256392347688
1.5684885580592096 1.5688546064610318 1.5687878164732443 1.566994528570715 0.649748118296917 -1.7259803128146127
1.5691501060527755 1.569442944774233 1.5693895127840032 1.5679548824619798 0.6507661116724457 -1.7265594491881526
1.569679344447628 1.5699136154247941 1.5698708698326103 1.5687231655749916 0.6516236124519702 -1.7270227582869846
1.5701027351635102 1.570290151945243 1.5702559554714959 1.569337792065401 0.6523628161815164 -1.72739340556605
1.5704414477362159 1.5705913811616021 1.5705640239826044 1.5698294932577286 0.6530810059283063 -1.7276899233893024
1.5707124177943803 1.5708323645346893 1.5708104787914912 1.5702228542115906 0.653912525270294 -1.7279271376479044
1.570929193840912 1.5710251512331592 1.5710076426386006 1.5705375429746802 0.6548251596243467 -1.7281169090547859
1.5711026146781373 1.5711793805919352 1.5711653737162883 1.5707892939851518 0.6558622310281822 -1.7282687261802911
1.5712413513479175 1.5713027640789559 1.5712915585784384 1.5709386718595693 0.6568102510548456 -1.7283901798806953
1.5713523406837417 1.5714014708685724 1.5709302366851383 1.5633412561674649 0.6556008674126326 -1.7284873428410186
1.571441132152401 1.5696395110835908 1.5521031809710355 1.5409294336525388 0.6551610165772008 -1.7285650732092772
1.566194048185605 1.5470518169204615 1.5035686646193578 1.4908207869122654 0.6552268571803703 -1.725920038380044
1.555090896812644 1.519510078223564 1.4639486197066556 1.4511699371012234 0.6542808538396943 -1.7192589656176704
1.5016234815339775 1.4507447860972227 1.3954893448696335 1.379076861736948 0.6523636560217371 -1.694638134293758
1.4454319000419402 1.3961059874165964 1.3362302858627477 1.320043367860933 0.649887667542762 -1.6649342546884243
1.3978220319888135 1.351544294823719 1.2880520883398563 1.2725749116883436 0.6481091630030206 -1.6267556246140817
1.360543258678209 1.316558364287625 1.2500309279121804 1.2347736439502843 0.6469009480133479 -1.592428207081097
1.280656093511018 1.243464925492295 1.1855881158954182 1.173446316035319 0.6429710834228853 -1.550460862860312
1.1065588010573648 1.1014577457145758 1.0508665398316606 1.043005195070687 0.6179057478113064 -1.489243688380901
0.9488268564720362 0.9733456857074028 0.9304644787754237 0.9247703348075413 0.5955739473663242 -1.429135610418466
0.8104470726314712 0.8597850054159741 0.8237971504088735 0.8196277395467014 0.579879343935845 -1.3445335545197703
0.6808169439604702 0.750012004348038 0.7269390038296775 0.7259905398352982 0.5660977247786503 -1.2710310990059834
0.5700814509527542 0.6558440994997012 0.6436019390142119 0.6478851247202588 0.5541433122501358 -1.2116210837717423
0.47804380578888717 0.5769178924385061 0.5742925702982073 0.5828927781876908 0.5447717449462879 -1.1637121979042346
0.39559530167256407 0.5053222642281334 0.5081112771791558 0.5260940215346802 0.5351986759024039 -1.1251247718846364
0.3268356835720906 0.4436021906883463 0.4504739951739582 0.47775356343250186 0.5267687935127556 -1.0936934149198185
0.26903969796522215 0.3901578376889979 0.39971518609125395 0.43607612149604724 0.520224443951745 -1.0680428700393398
0.22112348006783927 0.34435082397466943 0.3555600620762426 0.4009401217833246 0.5139787907437477 -1.0476865257220236
0.18074298189376994 0.30438673632626567 0.31697818159706737 0.3713934910881587 0.5083869608271911 -1.031634397140882
