# pinky_proximal_joint ring_proximal_joint middle_proximal_joint index_proximal_joint thumb_proximal_pitch_joint thumb_proximal_yaw_joint
1.249002456665039 1.1115742921829224 0.9601370692253113 0.6504189372062683 0.30767330527305603 0.9773472547531128
1.2559469938278198 1.11588397026062 0.9627490401268005 0.6478263735771179 0.306672477722168 1.0020192623138429
1.262329888343811 1.1194914293289184 0.9650371241569519 0.646363127231598 0.3055860710144043 1.0311219024658205
1.2673267698287964 1.1224308977127075 0.9669528617858887 0.645178964138031 0.30470205640792847 1.0547962846755983
1.271274302482605 1.1247973735809327 0.9685499798774719 0.6442541522979737 0.3039660795211792 1.074093370628357
1.274418762588501 1.1267016884231569 0.9698771342849731 0.6435200487136841 0.30338614334106445 1.0898570767974856
1.2769242694091798 1.128224901878357 0.9709629261665345 0.6429269245910645 0.30291657367897035 1.1027664702682496
1.278910292793274 1.129429167527771 0.9718566651481628 0.642466956905365 0.30251511509857176 1.113367069685364
1.2804839957626344 1.1303883361965943 0.9726172419657898 0.6421360568458557 0.3021671738278198 1.1220971734713747
1.2817228117681885 1.1311377182126465 0.9732334401027832 0.6418928063912964 0.3018642100533905 1.1293102098616945
1.2826859219151612 1.131708422861133 0.9737294265283325 0.6417278176151734 0.3015969064109375 1.1352916394164552
1.2834447275223633 1.132156713455227 0.9741271574221594 0.6416164974850831 0.3013733479398767 1.1402695206396094
1.2840468605853954 1.1325129617447114 0.9744456282395159 0.6415419014678333 0.3011904361262544 1.1444280884736626
1.284526516636041 1.1327972928042773 0.9747005002608327 0.6414923455227164 0.3010421993267237 1.1479161852259516
1.2849093831696725 1.133024543075209 0.974904421719744 0.6414597817984221 0.30092256084535113 1.150854148360815
1.2854154473240071 1.1332143779980701 0.9752100497506732 0.6415720970413683 0.30102575672033305 1.15347564847686
1.2859047941919084 1.1333545395841251 0.9755091500300307 0.6417744708841322 0.30117718658735654 1.155819397222345
1.2863360399052235 1.1334761817542751 0.9758168444647899 0.6420475922254942 0.3013215286087219 1.1579190342039625
1.2866975588834073 1.1335761896203391 0.9760845172893612 0.6423424190066832 0.30144499520867857 1.1598038076091417
1.286994546511633 1.1336664240702337 0.9763531580362008 0.6426380638903442 0.3015517316691859 1.1615001677456385
1.2872458695243698 1.1337560161864237 0.9766267096832026 0.6428949288229993 0.30165994941654073 1.163029727854958
1.2874724625643812 1.1338627135686459 0.9769190077650253 0.6430891912540476 0.3017642083125295 1.164412019664948
1.2876794862029333 1.1339799957221652 0.9772353152169946 0.6432588943927035 0.30185930986062537 1.1656630023438967
1.2878640355489555 1.1340996183352394 0.9775583012687494 0.6434138615201748 0.3019439324446984 1.1667962300077468
1.2880327512281657 1.1342442876018464 0.9778990518083039 0.6435836354311972 0.30199212191172187 1.1678240003025842
1.2881840554442026 1.134416504376521 0.9782635149184754 0.6437841136786675 0.30200898335510684 1.1687565566568623
1.2883222411128694 1.134587394136898 0.9786385438302271 0.6440064970281391 0.302014461645557 1.169602856752797
1.288445473516211 1.1347450390964446 0.9789906375773042 0.6442297509214614 0.30200968900447966 1.1703716164569251
1.2885492808057666 1.1348770201611278 0.9792889184290003 0.6444394080560473 0.3020023482571116 1.1710701660903449
1.2886333041535853 1.1351266098346517 0.9797477345890865 0.6446792792257521 0.3019964279755013 1.1717049182726664
1.2886949676789474 1.1353654060623015 0.9801895555835617 0.6449555286548021 0.30196942345492495 1.1722831250249324
1.2887348571235047 1.1355596140115234 0.9805721948132239 0.6454696996038344 0.301928424487054 1.1728095627640864
1.2887822897286498 1.1357420408796288 0.9809379942882317 0.6462131057600329 0.3019057521419045 1.1732889109305684
1.2888318706394262 1.135895730977934 0.9812357479467597 0.6470158508952577 0.301912290588722 1.173726295904489
1.288876422948919 1.1360209241912218 0.9814756317245648 0.6478005497881666 0.3019268792754057 1.174125604213215
1.2889141151962933 1.1361217224920155 0.9816680871095407 0.6485259770734226 0.3019420847801878 1.1744903503902253
1.2889451273010777 1.1362025518675138 0.9818222421523848 0.6491732549177103 0.30195556644666305 1.1748236798483132
1.2889702946127737 1.1362672630516282 0.9819456257913048 0.6497369489277596 0.30196682861700147 1.1751284427037239
1.2889905715132781 1.1363190558407776 0.9820443446233698 0.6502193277045245 0.3019759992858131 1.1754071813098907
1.2890625829811913 1.1363448498133082 0.9820947213804585 0.650634556211166 0.3020517440716711 1.175662597121582
1.2891435810181318 1.1363609788801876 0.9821255575685391 0.6509868615445553 0.3021383156045506 1.1758967320933227
1.289172020614371 1.1363144205400633 0.9820831474517735 0.6512667746207761 0.3021933809649332 1.1761105760585693
1.2891488051893119 1.136218713632368 0.981963484037316 0.6514628339498557 0.30221683984846937 1.1763063275537036
1.2890989046479704 1.1361065998960678 0.9818176496413519 0.6515947428297454 0.30222626094699756 1.1764857930915469
1.2890458950349046 1.1360067284336999 0.9816844358751908 0.6516831872424645 0.3022302692308494 1.1766504178823562
1.2889914472062074 1.135919011134411 0.9815778648622621 0.6517490671126972 0.3022279385864312 1.176801381936195
1.2889384475675172 1.1358377508310518 0.9814853720480433 0.6517927230238064 0.30222925695892766 1.176939653102972
1.2888840554020362 1.1357608216594093 0.9814056438298409 0.6518213654231345 0.302226282382938 1.1770659341370409
1.2888306949823345 1.1356918635042852 0.9813382372928766 0.6518450303611212 0.3022051749427579 1.1771813594464735
1.2887911060881014 1.1356456138350444 0.9813158786831783 0.6518875180671257 0.3021715937296122 1.1772864789298594
1.2887607224330422 1.1356111413365901 0.9813083749245395 0.6519376014860188 0.3021384643109298 1.1773822808688021
1.288727284077415 1.1355737404923678 0.9812930020674697 0.6519914368940762 0.3020905925108318 1.1774692936281472
1.288690090659149 1.1355373109897804 0.9812881662833398 0.6520836790524619 0.3020154415188888 1.1775478206904817
1.2886681560539306 1.1355318185107575 0.9813514482488398 0.6522745839852251 0.30190794695366696 1.1776178187395803
1.2886530640811205 1.1356052681936157 0.9815637216178706 0.6527486127295619 0.30165178004065574 1.1776792292806046
1.2875731613707924 1.1353100240336524 0.9823171055482333 0.6551641568882088 0.30089388826020097 1.1775286106278529
1.2846339485225982 1.1330613374794853 0.9834014539850954 0.659813574579781 0.299696642466605 1.1761964724866574
1.2798822038315063 1.1297549390860664 0.9833434037314418 0.6703993730763004 0.29711774850544953 1.1688572539018014
1.2759234756582836 1.1259124107415093 0.9826876848496249 0.6783204597647512 0.29470723958538075 1.1602955637873347
1.2728425145430453 1.1237725359006414 0.9826222204810182 0.6847652016016263 0.2929558463233797 1.152318467974753
1.2703683996425539 1.1218411002003106 0.9824688429550965 0.6899280522610679 0.2915218835940431 1.1455520075798755
1.2683852453411792 1.1202353217953802 0.9823166008724085 0.6940625885602582 0.29036081360741217 1.13979217864996
1.2527146688605288 1.1033422930045416 0.9722839256869404 0.7122524006745615 0.26111832977901905 1.1261880911026463
1.2376224558754714 1.086414288123726 0.9616674034394144 0.7259083329503853 0.2344200847273748 1.1150414162186038
1.2173428425156236 1.0630899752301208 0.945341908820257 0.7279502820066706 0.21150834810540525 1.1063638300345144
1.1950462014645864 1.0371775337157434 0.9251421999039534 0.7202357944720662 0.1964217092736995 1.0937411046541374
1.1707937599158709 1.0067839152095943 0.8976630934955504 0.704561745871995 0.18912166982050227 1.0627540951185737
1.1510920429973939 0.9811265569113278 0.8746952230836412 0.6908960626521858 0.184010534518206 1.0349672321648051
1.1165338440536767 0.9312566003149814 0.8296033593102663 0.6620406258900287 0.18334490281998625 0.9652173784709493
1.0804224359034944 0.8678302590804152 0.7761146666275953 0.6278765955606558 0.18360467134046166 0.8806241724758561
1.0495475091170827 0.7984188178981823 0.7108805431260661 0.588270533803261 0.1861337294429748 0.801324937651095
1.0234802967414507 0.7195356352969393 0.6410330198871291 0.545347014048224 0.18700242799522152 0.7213866622523762
1.0011506681525906 0.6482140134846676 0.5898473650349932 0.5138604950734181 0.18762209126950638 0.649228208166464
0.9846325639791648 0.5557285347442236 0.5226475727664437 0.4736829051834904 0.1838644731807815 0.5760083559370865
0.9749446490532049 0.4593383808025047 0.45392449952022285 0.43406747773985566 0.17737468689824 0.5099763831072514
0.9708108766178996 0.37014567783928515 0.3864502788134897 0.39507920837959054 0.16806932973976815 0.4507461069483331
0.973834622963326 0.29591654226192865 0.3242534870345183 0.35935605602709775 0.15665067484470913 0.3965008847680705
1.0732676895968571 0.23653323380004343 0.2745133851519257 0.33065394093392947 0.14682381252839333 0.3523176008675112
1.152814142903682 0.18902658703053526 0.22696498400378468 0.30488992456435093 0.13516228517209822 0.3131029839685451
1.216451305549142 0.15102126961492873 0.1839372175994177 0.2819835869378958 0.1244526673977799 0.27883388482498256
1.2673610356655098 0.1206170156824435 0.14946105891964112 0.263635902834504 0.11589143283170276 0.25136075622214576
1.3080888197586042 0.09629361253645531 0.12172200960766295 0.24862105189368658 0.10909890120825619 0.22919571166335503
1.3406710470330796 0.07683489001966476 0.09939476241698678 0.23631921540582604 0.1037010410277164 0.21129944137810835
1.36673682885266 0.061267912006232314 0.08141493852709385 0.22622585400648457 0.09940630118831921 0.1968366172876292
1.3875894543083243 0.04881432959548636 0.06692795835057617 0.2179308631396893 0.09598602440583649 0.1851360801431603
1.4042715546728557 0.038851463666889595 0.055247793962019454 0.21110117621235874 0.09326011607351258 0.1756586614110523
1.4176172349644809 0.030881170924012186 0.045823760375943004 0.20546641498416923 0.09108628566505396 0.16797125600643584
1.428293779197781 0.02450493672971026 0.04893607575342355 0.2009516024558565 0.09037864991380282 0.161048024001659
1.436835014584421 0.019403949374268717 0.051612179159286 0.19735697519531417 0.08979869962416893 0.15548615980382047
1.4436680028937332 0.015323159489915483 0.05391809447937201 0.19449651429454937 0.08932526821440702 0.15101554157920902
1.449134393541183 0.012058527582432896 0.055927830273572524 0.19223246724923812 0.08896905811267095 0.1474261813369451
1.4535075060591427 0.009446822056446827 0.057751042016080154 0.1904980600001046 0.08865380342115559 0.14454430703378185
1.4570059960735104 0.007357457635657971 0.0594288879575182 0.18919573606027199 0.08835253759471255 0.14221774330978762
1.4598047880850047 0.005685966099026886 0.06091349762216004 0.1882378687935911 0.0880240983307177 0.140319605996173
1.4620438216942 0.004348772869722019 0.06218255761492088 0.1875517730297917 0.08763466916798068 0.13874883181251
1.4638350485815563 0.003279018286278125 0.06323548319520819 0.18708380674380254 0.0871512767062069 0.13742723744230995
1.4652680300914414 0.00242321461952301 0.06410563071634187 0.18678910724368247 0.08655337155941971 0.13629171892895325
1.4664144152993495 0.0017385716861189177 0.06480893407317649 0.18663089626667145 0.08585957367089468 0.1352999470225495
1.4673315234656759 0.001190857339395644 0.06535304269435128 0.1865820787639399 0.08510996791813435 0.13442430787019108
1.468065209998737 0.0007526858620170249 0.06570868139459388 0.18662824450262225 0.08431868567541172 0.133643348159251
1.468652159225186 0.0004021486801141297 0.06592350707446493 0.18673948024374515 0.0835575084048504 0.13294676871447356
1.469121718606345 0.00012171893459181349 0.06600508297280436 0.18691390017400003 0.0828171905007358 0.13232714677928759
1.4694973661112722 -0.00010262486182603949 0.06599805964864067 0.1871420354424303 0.08212419091672862 0.13178082700633106
1.4697978841152142 -0.00028209989896032183 0.06592817228108065 0.18740305191504042 0.08150090765167209 0.1312979292556691
1.4700382985183675 -0.0004256799286677477 0.06580779847359194 0.18770140319051012 0.08093798550930764 0.13087417039752386
1.4702306300408903 -0.0005405439524336884 0.06565392432098019 0.1880197845616473 0.08044338687632199 0.13050112905884093
1.4703844952589085 -0.000632435171446441 0.0654792923131341 0.18834558309861288 0.08001713972786043 0.13017169859237915
1.470507587433323 -0.0007059481466566431 0.06529340204785301 0.18866972471672905 0.07965498534042814 0.12987988969665723
1.4706060611728549 -0.0007647585268248047 0.06510326311739313 0.1889858084551383 0.07935059610763533 0.12962065165028538
1.47068484016448 -0.0008118068309593341 0.06483203507067384 0.18899100026543053 0.07899364516146455 0.1293504110955045
1.4707478633577804 -0.0008494454742669575 0.06452149420262672 0.18877941768213202 0.07864940512186268 0.12905479546251658
1.4707982819124206 -0.0008795563889130563 0.06429094737197 0.1884664954808878 0.0783588779807566 0.12871352991154006
1.4708386167561327 -0.0009036451206299353 0.06412246458073487 0.18808832065801043 0.07811601502422319 0.12834553150884478
1.4708708846311025 0.01725205960864284 0.07636623686424915 0.20238869227202907 0.07735647593119802 0.13003094576638674
1.4708966989310783 0.04838918592925436 0.09748051051991799 0.22844442397143186 0.07540344414455939 0.13398262030157831
1.4709173503710589 0.08760220465179736 0.1260981151238888 0.2634306642992158 0.07257468674455682 0.13884977631786177
1.4709338715230433 0.13146293685528798 0.16031609485751863 0.3037691011892048 0.06943060496548493 0.1436022401493288
1.4629265682343648 0.18145093739583623 0.20000191935067554 0.3474749958408902 0.06623845280488078 0.15028539543481642
1.4078717960074747 0.23395367598974331 0.24572057849697415 0.39181067036732276 0.06401934186641171 0.1584395815541901
1.3292463408434554 0.29326402454728784 0.2933361337704034 0.4360886811188399 0.0628802634082142 0.16714549756928745
1.2528167237062584 0.3524692003659797 0.3425777996478535 0.477451300539298 0.061501810495209974 0.1746533240627008
1.188869096376048 0.40046431579052544 0.3841954465626126 0.5108675288500175 0.06084394617410682 0.18068789150323528
1.1380445778668296 0.4552299416689804 0.43210524288165136 0.5436429323626983 0.06068255286242312 0.1869665639083072
1.0985953784227667 0.5063579826854651 0.4771381852416004 0.5729745818673315 0.06108017787000136 0.19314682733857508
1.06790358831408 0.5507076739710954 0.5185303042243167 0.5991828595398857 0.06258423745362438 0.19832595786924262
1.0441998681221196 0.5899449276480982 0.5549784620531594 0.6230712059973871 0.06311893409274798 0.20219488125224988
1.0254370443657073 0.6240382661464937 0.5863949910742596 0.6454302170943574 0.06382842318839058 0.20520988449398742
1.010256757150891 0.6531231061651808 0.6135701382909262 0.6667196352538551 0.06474873091082751 0.20801069116547954
0.9975800433244725 0.6773719395029149 0.6371814127567644 0.6868462124869892 0.06666223885854863 0.21251765708887776
0.9868107254097 0.6971601291360539 0.6558066579344459 0.7026857741201455 0.06767797018878288 0.21800757702799003
0.978071102681886 0.7129649793197379 0.6707830168916852 0.7154259568472334 0.06870912846559388 0.2225666950671781
0.9709735824133006 0.7255945781937969 0.6827865988504148 0.7256405382171971 0.069560370537711 0.22633584821453961
0.9652044426174996 0.7356901749032125 0.6923963547143346 0.7338197969449125 0.07024479891305987 0.2294412691134713
0.9605104407288263 0.7437620627130974 0.7000862932517533 0.740365802689597 0.07079276927666525 0.23199246138242896
0.9555696551495894 0.753119613110694 0.7133510689985278 0.7546666856163382 0.07173436821187862 0.246658093213304
0.951565766691693 0.7619534694192193 0.7268961056909182 0.7659396406454754 0.0727205793315993 0.25994893231333427
0.9487134173389501 0.7714914054105585 0.7395086037986452 0.7748631140743026 0.0732265453739823 0.27189691717101044
0.9470066273114066 0.7818324423177961 0.7511564412016054 0.7820104639652832 0.07404486268392094 0.28287344856796987
0.9464537734906658 0.7923566465651134 0.7612974340358083 0.7853209122755895 0.07595131390993506 0.2936972294945584
0.9468410798009861 0.8010820082883151 0.7691571827442412 0.788424841144782 0.07694190020326544 0.3040037623802079
0.951257577585906 0.8124420469649721 0.7770911070276073 0.7836458496881339 0.07988914718201771 0.31755485707594977
0.9564342070005181 0.8230784992892018 0.7843354751721041 0.7749528497563054 0.08338912473099244 0.3295795883661431
0.9628175869291498 0.8338901766553299 0.7909472433769716 0.763700418480734 0.08708512849391947 0.34054924574899054
0.9729012787108002 0.8451940590870203 0.7975933550233851 0.7539838376112779 0.09239469968701561 0.35401268623198967
0.9846231889537476 0.8558704395875789 0.8043036698051461 0.7501724817330042 0.1007672320081803 0.37188737648269254
0.9970851621478003 0.8654132000434762 0.8107932876545723 0.7524333244939168 0.1122175630151441 0.3969244584047057
1.007726794993814 0.8737374633016877 0.8170942243733832 0.7583781438175455 0.12420703679078501 0.42738983031934563
1.0138369850444287 0.875833792643761 0.8211918375332219 0.7629723276379597 0.13165788817209945 0.45273745057444625
1.0099827807845663 0.8615246519700809 0.8151478212228666 0.7608314176943216 0.13499242737136638 0.4646171211994557
0.9936991224052104 0.8189962709153591 0.7885541114132603 0.7457187430498055 0.13203653185957556 0.4582430982428287
0.9404717834283187 0.7385143859549282 0.7359443976816336 0.7129682863900701 0.12438127588744072 0.43963339637418547
0.8125346065751134 0.6196048765074347 0.6544809579322178 0.6647423537691148 0.11554359200807499 0.41781021722714073
0.6581462051921224 0.5166395412835387 0.5891435813482157 0.6230144109026362 0.11086998375822772 0.399056518622716
0.5263169641441985 0.4334776352407859 0.5368750807901661 0.5892396315491811 0.10675927742377654 0.3839636878557839
0.4208535713058593 0.3669346025039614 0.4950602147786173 0.5622316038256181 0.10352375154936898 0.3718870152145893
0.336482857035188 0.3136878634850074 0.4616082623647334 0.5406352965549861 0.10097373412247171 0.36222345980884796
0.2689862856186509 0.2507502907785064 0.4006020855940725 0.503272236467698 0.10072585452553169 0.3521611500015431
0.21498902848542123 0.20040023261330564 0.3202816684657585 0.4024177891646589 0.09861657229230035 0.29543447758599706
0.1717912227788375 0.16012018608114503 0.2560253347631073 0.32173423132222767 0.09484574661386194 0.2399723457810846
0.1372329782135705 0.12789614885541653 0.20462026780098636 0.25718738504828265 0.08985641074762489 0.1950826866690371
0.10958638256135692 0.10211691907483374 0.1634962142312896 0.20554990802912662 0.08416597498524782 0.15934471921237736
0.08746910603958605 0.0814935352503675 0.1305969713755322 0.1642399264138018 0.07928232438817498 0.13099088553478264
0.06977528482216935 0.06499482819079451 0.10427757709092626 0.13119194112154195 0.07319552049004933 0.11413448554388636
0.05562022784823599 0.05179586254313612 0.08322206166324152 0.10475355288773407 0.06665084859700124 0.10412570736497206
0.0442961822690893 0.041236690025009404 0.06637764932109372 0.08360284230068776 0.062130506145724615 0.10105220746349941
0.035236945805771955 0.03278935201050803 0.05290211944737548 0.06668227383105071 0.056501891460235085 0.10391571936092099
0.027989556635118075 0.026031481598906937 0.042121695548400895 0.05314581905534108 0.05416808500585172 0.11201534125869529
0.02219164529859497 0.02062518526962606 0.03349735642922123 0.042316655234773376 0.052084255514122754 0.11868473949960913
0.017553316229376486 0.016300148206201355 0.02659788513387749 0.03365332417831921 0.05826432817981856 0.13501354207938548
0.0138426529740017 0.012840118555461594 0.021078308097602503 0.02672265933315588 0.06993308813417926 0.15653553823904703
0.01951615471639008 0.031055306135205612 0.10026175155010349 0.1524212993491541 0.08199203730459988 0.18547484453738936
0.026219384046377903 0.04636146057731961 0.17129043041679481 0.2583303600397786 0.09550151205727243 0.2097845508751965
0.2598225006834525 0.2729954833117092 0.3712909722249764 0.4402079462883537 0.11598124187524148 0.2545881139515
0.5020579917729583 0.5087947697899313 0.5697574300703254 0.6072418117425971 0.14709250792928558 0.31048720020279547
0.6958463846445629 0.7012358070581414 0.7500059352824566 0.7578620214384502 0.1844386829143208 0.37874889722049443
0.8508770989418466 0.8551886368727094 0.8942047394521616 0.8781014600691561 0.21567682013554906 0.44367623607778717
0.9749016703796736 0.9783509007243638 1.0095637827879256 0.9881730253932766 0.25182946193729666 0.5175291202899946
1.074121327529935 1.0768807118056873 1.1018510174565368 1.0777430435369724 0.28130657210759186 0.5879498285005199
1.1534970532501443 1.1557045606707461 1.1756808051914258 1.1493269841154665 0.3048856912836382 0.6444662103612985
1.2169976338263118 1.2187636397627932 1.234744635379337 1.2065353663985134 0.3237462448108156 0.6898560555426093
1.2677980982872457 1.269210903036431 1.281995699529666 1.259428284345007 0.34896789447688736 0.748070802819555
1.3084384698559928 1.309568713655341 1.319796550849929 1.3017426187022019 0.37313014830131275 0.8222678633783856
1.3409507671109906 1.3418549621504692 1.3500372319061396 1.3355940861879578 0.3865702852803782 0.8935612704161484
1.3669606049149887 1.3676839609465716 1.374229776751108 1.3626752601765626 0.3931260013737929 0.9499841901305262
1.3877684751581874 1.3883471599834536 1.390997424039131 1.3761781300467677 0.3939357204563341 0.9927517392351582
1.3999257548198483 1.3905251830114822 1.3787939423822446 1.361069070924316 0.3886201761823433 1.0234661037218058
1.3852868210113352 1.362806432191046 1.3363731761378514 1.3218032500179562 0.37443198026510377 1.0232002921495027
1.3463158949880842 1.301526540711333 1.262426337369479 1.261266524079001 0.3540082912547771 1.00032934249188
1.2887620722984507 1.2047710730193533 1.1565995500629722 1.183373113062029 0.32980296340810333 0.9683684325277447
1.215356119134842 1.0840260635660868 1.0342149723486567 1.0923281586854021 0.3028938021439479 0.9115524582910252
1.1292602599929322 0.9554526588000283 0.909251247955677 0.9954287868093141 0.2761096474471224 0.8412295931854019
1.0498276854571142 0.8261625234824359 0.7768221031533218 0.8922487089117915 0.25192680394192796 0.7751324696761902
0.9722534342619926 0.6896097621951055 0.6406966671074658 0.7849403293196798 0.23107907323471913 0.7076028941808172
0.8074893056562067 0.5579390040841541 0.521250168212273 0.6710600025466633 0.20821971564239034 0.6134644853065832
0.6457914445154659 0.44615120325782376 0.4168001345603189 0.5606857353060685 0.18347348069147879 0.5320486898811995
0.5164331556028732 0.3567209625967595 0.3332401076387556 0.4549999886142605 0.15633997530735821 0.45617875064153185
0.41294652447279906 0.2851767700679081 0.266392086101505 0.3637999908819089 0.12783769480931592 0.39149354382148355
0.3301572195687398 0.22794141604482698 0.21291366887170451 0.2908399926960276 0.10207015583795324 0.33505999135010217
0.26392577564549236 0.18215313282636209 0.17013093508786412 0.2324719941473226 0.0814561246608631 0.2898411559028051
0.21094062050689438 0.1455225062515902 0.1359047480607918 0.1857775953083586 0.06496489971919099 0.24571149007182297
0.16855249639601602 0.11621800499177266 0.10852379843913396 0.1484220762371874 0.051771919765853304 0.21028737837633274
0.13464199710731334 0.09277440398391865 0.08661903874180768 0.11853766098025043 0.04121753580318315 0.18184190632550543
0.10751359767635119 0.07401952317763542 0.06909523098394665 0.09463012877470085 0.03277402863304703 0.15899181826232772
0.08581087813158146 0.05901561853260885 0.055076184777657834 0.0755041030102612 0.026019222896938133 0.14062900911425671
0.06844870249576568 0.04701249481658759 0.043860947812626776 0.060203282398709465 0.020615378308051015 0.11703508813206451
0.054558961987113054 0.03740999584377058 0.03488875824060193 0.04796262590946808 0.01629230263694132 0.09805190973201669
0.04344716958019095 0.029727996665516974 0.027711006582982055 0.03817010071807497 0.012833842100053566 0.08303045325155478
0.03455773565465327 0.02358239732291409 0.021968805256886152 0.03033608056496049 0.010067073670543363 0.07533218437572656
0.027446188514223126 0.01866591784883178 0.01737504419600943 0.0240688644424689 0.0078536589269352 0.07233378816954564
0.02175695080187901 0.014732734269565933 0.013700035347308053 0.01905509154447563 0.00608292713204867 0.07007301497906264
0.01720556063200372 0.011586187406153256 0.010760028268346952 0.015044073226081013 0.004666341696139446 0.06845432513713691
0.013564448496103484 0.009068949915423116 0.008408022605178072 0.011835258571365321 0.0035330733474120664 0.06738937492179754
0.010651558787383298 0.0070551599228390015 0.006526418074642967 0.009268206847592766 0.0026264586684301627 0.06681472535934355
0.008321247020407149 0.005444127928771711 0.005021134450214884 0.0072145654685747225 0.0019011669252446397 0.06663151165649339
0.006456997606826229 0.004155302333517878 0.0038169075506724165 0.005571652365360287 0.0013209335306962216 0.06662127737844026
0.004965598075961493 0.003124241857314812 0.002853526031038443 0.004257321882788739 0.000856746815057487 0.06657223693246869
0.003772478451269704 0.0022993934763523593 0.0020828208153312643 0.003205857496731501 0.0004853974425464993 0.06649339877935431
0.002817982751516273 0.0016395147715823973 0.0014662566427655211 0.0023646859878857104 0.0001883179445377092 0.06640106684662646
0.002054386191713528 0.0011116118077664275 0.0009730053047129265 0.0016917487808090778 -4.9345653869322927e-05 0.0663009514148851
0.001443508943871332 0.0006892894367136516 0.0005784042342708509 0.001153399015147772 0.0023454608452378816 0.06654655374970593
0.030323368256056846 0.00892453707534138 0.015016382051643212 0.003134641991797516 0.007034799014096189 0.07072208822080737
0.07826761360547109 0.05308500283780149 0.07898525405974108 0.04623841360945974 0.01853583449488062 0.08573161959893899
0.21398461624448428 0.14490801377155343 0.1681003054702355 0.13168544066539983 0.02393190543345752 0.10587088585096516
0.35391485106519804 0.22360694633371003 0.2414911215086042 0.205046723227434 0.030251476758656047 0.12291761195816928
0.47479322681086816 0.2870852607603579 0.3015665391746568 0.2648824413146437 0.03573575230951082 0.1366299665463633
0.5733145366450751 0.3377001490684914 0.34859653549698255 0.3121697512885619 0.03951321606846628 0.1475845497046047
0.6524511965386554 0.3781888410641803 0.38634967197821346 0.35002271394894036 0.04278456024338386 0.15634735494408078
0.7216573907750832 0.4476018607770645 0.4574212383416955 0.4273665512479584 0.04984264653531378 0.1698435798847919
0.840158816482066 0.618234734547555 0.633382817203813 0.6178694935542139 0.1097246156661325 0.27357041482641264
0.9381057948314658 0.7632768716910835 0.7823925893267101 0.7806148983559444 0.15395521891344494 0.39501344875108374
1.0353167319650263 0.8976498100359722 0.916933153530765 0.9186919099109518 0.19807396946135286 0.5522410370160038
1.1174567432685543 1.0108181836763608 1.0277465140508082 1.0291535191549577 0.23669471834328273 0.7035928326645609
1.183229954360632 1.1014430524952878 1.116397202466843 1.1175228065501623 0.2676607270576676 0.8246742691834065
1.2368875752438766 1.1734100581842797 1.1873177531996706 1.188218236466326 0.29653904235665957 0.921539418398483
1.2764214047232996 1.229307317863952 1.2440541937859328 1.2447745803992571 0.3174572380090154 0.9990315377705442
1.3010109955819233 1.2664028121082391 1.2816170418192125 1.2892933848699428 0.3302796913547831 1.0600087833399094
1.3082614179254997 1.27834637268769 1.2912123889866811 1.3074296047846872 0.3360672103058113 1.1023593101497107
1.2967397638798894 1.2675718887995662 1.278515608401564 1.2980220977910677 0.3279115404042255 1.075051617908129
1.2655606562806083 1.2294833838423873 1.2379105578195788 1.2592790893275196 0.30894429944774715 1.0063511469266009
1.219929766250683 1.1558309220855065 1.165255764351824 1.1908978479352519 0.28515001207845375 0.9306404621045742
1.1662706228836641 1.067888547864328 1.073047001541884 1.1013339366314352 0.25728024101461544 0.8491631293806198
1.10937445900792 0.9734854856227002 0.9729573642263661 0.9988270565507842 0.2290743166701442 0.7768565829207709
1.0580348932103643 0.8804494030550449 0.8684509329040726 0.8913247775743829 0.19851292119395303 0.7179121109334795
1.0015753359283073 0.8006167024195456 0.7847783034674232 0.8034955534704865 0.1776792303400959 0.6700520183633303
0.9424460888453374 0.712253873333952 0.6995891921227697 0.7155374625021887 0.15495720421693526 0.6375562163981228
0.8792227912384709 0.6281946697120835 0.6182858401541331 0.6381411761994896 0.13445768140094919 0.6145517995192551
0.813372012650048 0.5550270456699506 0.5442201240066226 0.5707346845432709 0.11544023683537993 0.5956968204366321
0.7503608081142705 0.4972593429587663 0.4838754896882006 0.5159896233689459 0.10001389418737057 0.5806384075631423
0.6994540264924846 0.4510265841406489 0.4355069986631734 0.4721087987432219 0.08762234238541891 0.5685915103713451
0.6582466141955441 0.4140259289202614 0.3967507206718336 0.4369486232764989 0.07770047913199082 0.5589538734086179
0.6248135687173514 0.38441416926841127 0.36570488101801957 0.40878406446516274 0.06976150362853539 0.5512436803919334
0.5952824629355358 0.3633342111719464 0.342948456101113 0.37549374327134893 0.05585803269838818 0.5316370150838103
0.573616890272211 0.37592127518755714 0.3759058034360357 0.40408740699348294 0.04872166210012061 0.5069282250717327
0.5757817969009963 0.4475945083054107 0.46719400214671675 0.4956441383366382 0.04977966050184904 0.4794720806372202
0.6244387901056359 0.5635387776495776 0.5961853832206693 0.6232199558261708 0.06153663655024479 0.4558375495824843
0.7014791708174188 0.6982247971059292 0.7332056260269139 0.7556026608660759 0.0923678013475872 0.4538452580097222
0.7835989746239058 0.8289845818329977 0.859084375394285 0.8768096948397113 0.1370954956843167 0.48605721827530096
0.8603581073114294 0.9413258500138225 0.964094025049925 0.9821421452150307 0.18211415380110021 0.5385381073648392
0.9258194114549174 1.0293444448502305 1.0450737334524156 1.0667109447944612 0.21970733976260565 0.5963450146432446
0.970376455448724 1.0813267273737146 1.0945970660237123 1.1208395209493995 0.2464075980655014 0.643339413222927
0.9913363167942819 1.0867816720829926 1.1058529810736695 1.1349087831642437 0.2576523600476312 0.6720376752354766
0.985089791560273 1.0463877133072632 1.071641973386615 1.111788191578087 0.2508444391455116 0.6682182544500085
0.9676493507576789 0.9845549910498633 1.0084759408079857 1.0603341167619202 0.2328233164760162 0.6432682867074372
0.9484824261627838 0.9120650886879742 0.9241511554593463 0.9859090928594568 0.21265429593822874 0.6151624675770093
0.9234188216179406 0.8273735522736215 0.8250787938495174 0.8911376384385664 0.18757905185382778 0.5811366721931688
0.8923431767821149 0.7323040091601295 0.7151642449585355 0.7759680817515245 0.16250227189192148 0.5499506282761567
0.8625817643642295 0.6419091481850372 0.6089770144532328 0.6638057764363758 0.13850135566694716 0.5247504403555292
0.8207793869209186 0.5630150464285076 0.5240457164295678 0.5713374116812128 0.12118248288355811 0.5045276395769038
0.7730950623855508 0.4950463078108359 0.45921364979332 0.4966708500221553 0.1059200616242293 0.4899226575923855
0.7286939191902094 0.4412126075575295 0.40974466348795346 0.43683808776022454 0.09385318395986585 0.4781953513489481
0.6906399025984139 0.3979341223915055 0.3680332052318911 0.3890377917471048 0.08389803315197966 0.46883685945402115
0.65943731422961 0.3710434603754389 0.3489553966211208 0.36369796701928114 0.07761599357919328 0.4622280304346921
0.6337905649800321 0.3523305728486147 0.33383181993857447 0.34563488847939283 0.07119464242256826 0.45719639696394937
0.6128769377437607 0.3380371212522957 0.3217336857692037 0.33143050938390184 0.06687666491704898 0.4532235243933641
0.5959477909062207 0.32681702014293457 0.3120553095639256 0.32012677168482534 0.0632508606993176 0.45006059837478346
0.690940585744691 0.4882423753459151 0.48261922991279815 0.4818364856690883 0.1164045382565671 0.49721963987460094
0.7569203591444589 0.6054544349447009 0.6164752514839494 0.6226206920981979 0.15398784073403787 0.5771668814477154
0.806596749313553 0.6748537341702077 0.7005481459045668 0.7173316878033142 0.18288099243014105 0.6427407115981443
0.8310280984941163 0.7022010739603116 0.7334715992088524 0.76129486178974 0.19858163773035248 0.6792087197530637
0.8488532381298572 0.7221556111938535 0.7585294222732709 0.7946512620895679 0.210468937389177 0.7020623398008641
0.8498101176454569 0.6836162769609117 0.7073777656475962 0.7585139092802664 0.19892297441333287 0.6907160768654105
0.8315541221009847 0.6143757433743018 0.6340296718057205 0.6900769565105168 0.1776259671018104 0.6537733824846075
0.7920527278031633 0.5281019086480727 0.5500850023886529 0.6065829768657468 0.154254516888903 0.615441310548538
0.7313537095900953 0.4585392465067379 0.4788107051103089 0.536751490821821 0.13541696244815699 0.5844492818067504
0.6324952767226362 0.3751093886194604 0.39944127340307023 0.45979314207266375 0.1154906997528848 0.5593340679128991
0.5088317201283188 0.3005394051863136 0.33067412338010616 0.3929065190492519 0.0982214641628406 0.54000669591586
0.40686537609315554 0.2402315241395514 0.2760395365862222 0.33922967346417493 0.08466784029167823 0.5250471343434668
0.3252923008650249 0.1961731440662607 0.24353503697380793 0.2991485508831945 0.07525256445178932 0.5174192575483971
0.26003384068252045 0.18768089825624343 0.25023482651126683 0.2948861469866917 0.07086647064621883 0.520015222856955
0.21646324798179783 0.22177659125895594 0.29829684424886943 0.33247887889878636 0.0716577615232121 0.532045589311565
0.2212238779045194 0.2920067322394951 0.3807643932381458 0.40535697778333574 0.07465039458996861 0.5531082522262295
0.26114604039009803 0.373248792659577 0.47068517067266996 0.49128749720469594 0.08306663397651362 0.5838995990267721
0.3067286683163356 0.44010136681503953 0.5433298481165051 0.5612192372657099 0.08990002205929318 0.6118857834427617
0.38138009890248864 0.5056744071460318 0.6162985787915134 0.637169593189338 0.09630246882407792 0.669595048720762
0.4517130039877136 0.5592432381802044 0.6749427617491837 0.6981010147843195 0.1013729918978129 0.7219019420108198
0.5109933322863928 0.6019120623344772 0.7227384687186523 0.7470737345149862 0.10541744323424611 0.7635067492454051
0.5587802057422917 0.6361163822551246 0.7604561639405285 0.7861322599355973 0.10865983052533558 0.7967879366659163
0.597326252854484 0.6635031912914654 0.7905835304718808 0.8173595299486 0.11125447647557013 0.8234108719653319
0.6284434827141903 0.685420875882446 0.8146804288277305 0.8423378292849603 0.11333028413284105 0.8447076704841002
0.6425379540104025 0.6308829765600675 0.7389933479030353 0.7757678845827534 0.09929981753173098 0.8253387114795958
0.6386188646617217 0.5721237107978434 0.6641133914152322 0.7097911830190622 0.08678439795925319 0.8042933266475133
0.6253040139248119 0.5194428479565121 0.5977906854756305 0.653001206751172 0.07527854871713399 0.7836378511678641
0.6120334151880062 0.4768716208849698 0.5419157184606893 0.6054825207674537 0.06449256294042491 0.7680510280046038
0.6026427891648704 0.445454141514647 0.4964186459736906 0.5670098798341778 0.05648981829441089 0.7598184106757777
0.610995077832293 0.4305981683867359 0.460341070887 0.53645060554085 0.052422400960973885 0.7627359436361422
0.6324706504692645 0.4324119200815506 0.4357693531485801 0.5125267592663592 0.05234871687464077 0.7785293902085964
0.6624462707797696 0.45173269196428834 0.43190858073015254 0.49842124085386796 0.05407367403882471 0.8016013856829598
0.699294193900427 0.48567383038264894 0.45074212795082125 0.5011504681965526 0.056571092749259685 0.828371851134411
0.7412959451014207 0.5330618027628452 0.4909091968980105 0.5233465625493381 0.05949396067430322 0.8541533815766267
0.787878653568777 0.5940734031821084 0.5511972013828493 0.5666054760335806 0.06351347405568555 0.8782536520882361
0.8269496251446029 0.6437051560898457 0.6013597491357594 0.6021099428271391 0.06695299705947078 0.8984786021172136
0.8769242755017297 0.7214202615753678 0.6875625803449845 0.681070235565117 0.0776376449949315 0.9171202339696193
0.9255888455265058 0.7984295156110022 0.7728315317137318 0.7623033501265931 0.08856316398674416 0.9336389905585689
0.9750936502737437 0.8713726493921831 0.8534075755678238 0.8400526505755177 0.09885603877778186 0.9486813550292525
1.0238488812861948 0.9384853437111341 0.9275443187397815 0.9124298939742082 0.1083316023578273 0.9613341573952893
1.0702336469982552 0.9981089985025376 0.9939929668936807 0.9784802396804041 0.11777460598389519 0.9715081361197837
1.1134276660040607 1.0473738555631995 1.050372395899588 1.0350313345360713 0.12773218173535833 0.9802264855117327
1.1484535671675675 1.0867283061760236 1.0954967053625537 1.0804860957279172 0.13541175857188043 0.9874029625106435
1.17670169173912 1.1181925070776597 1.1316043068483315 1.1169481092941258 0.1414899741411347 0.9933107748547062
1.1994101023613277 1.1433573351299011 1.1604936066877716 1.1461628051004007 0.1463374845028034 0.9981742346222293
1.21762992667666 1.1634870041207666 1.183606310177793 1.1695552326362288 0.1502119373750775 1.0021777982660207
1.235626019855427 1.1808699026740546 1.2025040972145 1.1881891375478868 0.15586067112065066 1.0067051359135368
1.2561852040450472 1.1995846951037212 1.2225813617636043 1.2085810808894446 0.1658884564779338 1.0263975865140327
1.2714060547002712 1.2146471996330868 1.2399683038655342 1.2280298637197344 0.17503697115120384 1.050377059499007
1.2843485833842405 1.2266864505786619 1.256469252925191 1.2470831049955629 0.18345859696815087 1.071493401940331
1.2959727097860056 1.2388941786590355 1.2732355620233804 1.2674198685865992 0.19054648320158063 1.0906919120277287
1.308444432362801 1.2556302421810737 1.2938790341829134 1.2900529097542281 0.1958463433605809 1.1080624960681058
1.3213537867425968 1.2755338806726544 1.31581635638991 1.3125098141849132 0.2000465407548252 1.1238245409981613
1.3329895445155375 1.291849204605262 1.3335795511000872 1.3311931207037044 0.2033575218580487 1.1395231995786195
1.3404395348586458 1.3036737272782648 1.3479995575899697 1.34766972178269 0.20765605005918525 1.1554558208628467
1.3447948985702052 1.3099737270389815 1.356737172393387 1.3599407681945848 0.21143453266857928 1.1707429354225771
1.3469537014489377 1.314611657755758 1.3624506519543214 1.3697860486605873 0.21512126681517654 1.1903478435544312
1.3490474315265817 1.3187054509299483 1.3660697163190112 1.3773193794329255 0.21943844661959883 1.207677215883584
1.3524248196109139 1.3232515187563487 1.3686515427466763 1.382687651144607 0.22351333046634098 1.2232335095003852
1.3579988156496685 1.3284051204921394 1.3698354988762962 1.3865075055973872 0.22742743726316372 1.2371459869063384
1.3666379193257652 1.3366028614999128 1.371948721366662 1.390946932174138 0.2299474323649667 1.2499283764772802
1.3767256291541545 1.3461893517304477 1.374803664173713 1.3958221018611365 0.23088029880201516 1.261742704233582
1.3849447847869467 1.3538741841736648 1.3770812526432916 1.399730820679583 0.23162959900598284 1.2711941664386235
1.3917046214315472 1.3599642813065222 1.3788560926984346 1.4028800163459125 0.23200374553283498 1.2787553362026567
1.3958116551377915 1.3625465392954008 1.378219628339656 1.403508618179269 0.2320603287989334 1.2848042720138833
1.3974265400678747 1.3630227851777756 1.3761146020934167 1.4019435045745432 0.23288108164266236 1.2896434206628644
1.3986215070176786 1.3633802261280603 1.3744294605291034 1.4006646392843294 0.23353833062804133 1.2935147395820494
1.3994993508091502 1.3636484882297188 1.373080512812626 1.3996214960496558 0.2340646066535027 1.2966117947173974
1.400138349551434 1.363849722628758 1.3720007585929963 1.398771865724002 0.23448598212150823 1.2990894388256757
1.4005981216577488 1.3640005535165196 1.3711365022219923 1.39808074121354 0.23482334475634964 1.3010715541122984
1.400391279041592 1.362093754313765 1.3679435855513975 1.3954129019155341 0.23597716876600958 1.3026572463415964
1.3995719658373384 1.3579644502817616 1.362160397081865 1.3964912493049493 0.23910042316702823 1.3032973287505232
1.3979841317366433 1.3546948863362491 1.3587076286548718 1.399954907021474 0.24201189018080888 1.3033952139220495
1.396811544547945 1.3525636063651418 1.3569088633914268 1.4039131100349038 0.24434270888002918 1.3030713814419
1.3961704489791154 1.351713622938488 1.3565407797542792 1.407753324140899 0.24536197030093038 1.3024808182653973
1.3959813926381872 1.351778503521994 1.3570027196286187 1.411045078937048 0.24457581455346555 1.3022689592311534
1.3962204387794341 1.3529147356865527 1.3580539579294575 1.4139546191722823 0.24296398850152184 1.3035312709386946
1.396576899767749 1.3544787287805655 1.3597734733504019 1.4170959978128015 0.24186272932584515 1.3046250198027134
1.3970884231574 1.3572739219740373 1.3631157767043083 1.4213324617405365 0.24126723121401017 1.3055000188939285
1.3980528948979902 1.3610954885542665 1.3671104106319403 1.425609432145725 0.23759455451008754 1.3062000181669007
1.3994809578480187 1.3649632696199636 1.3705541446218852 1.4286660611508453 0.2298675047845608 1.3067600175852783
1.4009052189685396 1.3678981354942497 1.3728094303139022 1.4283084440134497 0.22165128429658937 1.3072080171199805
1.402296755512356 1.370486068019118 1.3746473712546008 1.424098886482122 0.21422075502020302 1.307566416747742
1.4039425403275483 1.3731436151574818 1.376259344643146 1.4171839534697552 0.20782240646634248 1.3078531364499515
1.4053565621692652 1.3753212704905484 1.3775842093036892 1.4115317725704208 0.20273943676593897 1.308082512211719
1.4066141653314204 1.3771528732497385 1.3787028950537301 1.406990239108888 0.19871975826456545 1.308266012821133
1.4084424104893185 1.379411493279051 1.3803538212843782 1.405535633631776 0.19565423108922958 1.308412813308664
1.410112788407324 1.3816105401814074 1.382556019597693 1.408009453827723 0.19313515347470855 1.3085302536986891
1.4116369168983445 1.3836850862741543 1.3849631773419726 1.4118702286200397 0.19094212947074585 1.3086242060107092
1.4129084333599842 1.3854091676902829 1.3869945468097964 1.4150338549388786 0.18916249452260345 1.3086993678603251
1.4139700400687247 1.386840622650151 1.3887032080960304 1.4176250758944622 0.18771799646399187 1.3087594973400178
1.414857329357226 1.388028392018131 1.3901367989597344 1.4197469761513608 0.18654512161081446 1.3088076009237721
1.4155998718170797 1.3890135835180693 1.3913371489379902 1.4214843837851634 0.18559238548330795 1.3088460837907756
1.4162221345447281 1.3898305376823754 1.3923405111578384 1.4229069493956845 0.1848180938581811 1.3088768700843783
1.416744382631205 1.3905078951880145 1.39317796236255 1.4240717762905344 0.18418848604521645 1.3089014991192605
1.4141523372740923 1.3896930602681485 1.3971673775194344 1.425287379757403 0.1817978359505454 1.3089212023471661
1.4054826125789783 1.3826179573926805 1.394539636649947 1.416569911587905 0.1872168689763482 1.3063503140811021
1.3845330417385977 1.3630498464897058 1.3797709324187124 1.393269652643737 0.19591037510203804 1.2746110625746963
1.349732990283273 1.327154836336357 1.34956550425101 1.3553897575687859 0.20102423690452167 1.2073923403170201
1.3052463016657054 1.2719755580263 1.2975258098110252 1.300870834680517 0.1970230898276487 1.1064103407976225
1.2526632850764607 1.193884989439381 1.2203630579364055 1.229557632519499 0.1816975204956944 0.9904519449327147
1.2005219821451836 1.0856397436610323 1.1110030351362032 1.1395465128530626 0.16009790530303442 0.8760230764272814
1.1296132496451325 0.9232499171536336 0.9733136604850612 1.027289318474894 0.1298854526941921 0.7670876025774482
1.064028107440868 0.7400114801171358 0.8070488938192624 0.900642194297127 0.10370836214585419 0.6551524144107821
0.8510224859431949 0.5918091840842091 0.6454391150459104 0.776220447179645 0.08276668970718386 0.5564776662345506
0.6806179887450564 0.4732473472578678 0.5161512920272289 0.6545713862633464 0.06601335175624759 0.4697888600512964
0.5442943909865456 0.3783978777967948 0.4127210336122836 0.5346194976751611 0.052610681395498585 0.39380768946287015
0.43523551277973704 0.30251830222793635 0.3299768268803274 0.42749559813062943 0.04188854510689938 0.33045872955701333
0.34798841021429017 0.2418146417728496 0.26378146149476245 0.34179647849500405 0.03331083607602001 0.27949176209514603
0.27819072816193263 0.19325171340878017 0.21082516918631047 0.2732371827865038 0.02644866885131652 0.23841124655680074
0.2223525825200466 0.15440137071752463 0.1684601353395489 0.21838974621970353 0.020958935071553726 0.20537631566823494
0.1776820660065378 0.12332109656452021 0.13456810826213964 0.17451179696626334 0.01656714804774349 0.1789566411018449
0.14194565279573074 0.09845687724211669 0.10745448660021222 0.13940943756351118 0.013053718428695302 0.15809766965628289
0.1133565222270851 0.07856550178419386 0.08576358927067028 0.11132755004130945 0.010242974733456752 0.1416646735272457
0.09048521777216859 0.0626524014178556 0.06841087140703674 0.08886204002354807 0.00799437977726591 0.1287519655745546
0.07218817420823538 0.04992192112478498 0.0545286971161299 0.07088963200933897 0.006195503812313238 0.11863684532017071
0.057550539357088815 0.039737536890328495 0.04342295768340443 0.05651170559797168 0.0047564030403511 0.11074279448962657
0.04584043147617156 0.03159002950276331 0.03453836613722405 0.045009364468877856 0.00360512242278139 0.11208188693981527
0.036472345171437756 0.025072023592711157 0.027430692900279753 0.0358074915656028 0.0026840979287256215 0.13176657089599894
0.028977876127650716 0.019857618864669434 0.021744554310724314 0.028445993242982748 0.0021659419222293205 0.1476717339277977
0.022982300892621082 0.015686095082236055 0.01719564343907996 0.022556794584886707 0.006404541380891634 0.152865964875278
0.018185840704597375 0.012348876056289353 0.013556514741764478 0.017845435658409875 0.013422529357822285 0.14780209060959587
0.01434867255417841 0.009679100835531992 0.010645211783912093 0.01407634851722841 0.021158214029194152 0.1373405340031987
0.011278938033843238 0.007543280658926103 0.008316169417630184 0.011061078804283237 0.026372840497113255 0.12448843679556891
0.0088231504175751 0.005834624517641392 0.0064529355246046565 0.0086488630339271 0.03032415871279795 0.11420423626287496
0.006858520324560589 0.004467699604613623 0.004962348410184235 0.00671909041764219 0.03331711626615015 0.10597455572592192
0.005286816250148981 0.0033741596741914083 0.003769878718647897 0.005175272324614262 0.03150049871954034 0.10782360193337578
0.09990592876344012 0.0024993277298536363 0.0028159029654188277 0.00394021785019192 0.02500039896613278 0.13294024393721882
0.26449921591495745 0.0017994621743834187 0.002052722362835572 0.0029521742706540453 0.0314225241442197 0.1430212378562646
0.4147053946130695 0.0012395697300072446 0.001442177880768967 0.002161739407023746 0.028988843328728153 0.16006247759351389
0.5469721785444595 0.025556029277200378 0.0009537422951156833 0.0015293915161195067 0.02933017090815216 0.18094698834808076
0.6647928660121423 0.08271985761098455 0.0005629938265930564 0.001023513203396115 0.03154613242235112 0.20105072655988857
0.7661448959514985 0.16076780169624005 0.0002503950517749548 0.0006188105532174017 0.03391732109138431 0.21800096471081673
0.8572741463983448 0.2479100172473424 3.1603192047357674e-07 0.0002950484330744311 0.03380732179720451 0.23335365763481855
0.9341830504103018 0.34142117061244914 -0.0001997471839631114 3.603873696005457e-05 0.03285272111824552 0.24658749549529074
0.9955907974373113 0.416439341370483 -0.0003597977566699794 -0.00017116901993144662 0.03219402596121152 0.25721696256749726
1.0548079898938187 0.5109052434477963 -0.00048783821483547383 -0.00033693522544464755 0.03153391082398192 0.2658853788308533
1.102592992066117 0.586425667994321 -0.0005902705813678694 -0.00046954818985520835 0.03101558232754148 0.27283472690043703
1.1411587852468268 0.646803729528666 -0.0006722164745937857 -0.000575638561383657 0.03060761946499091 0.2784070084338018
1.1722929682914556 0.6950776519731525 -0.0007377731891745189 -0.0006605108586064158 0.030285944158313604 0.2828761823848588
1.197437445845933 0.733675236889191 -0.0007902185608391054 -0.0007284086963846229 0.03003194400825336 0.28646167221670965
1.239715656063343 0.8199932538576663 0.1440360585459515 -0.0007827269666071886 0.03133168394691336 0.30842299940590556
1.2761798782518585 0.9022093028313113 0.29077505188055397 -0.0008261815827852411 0.04158219655614366 0.32477756883624787
1.3110583768980566 0.9796182084469949 0.42800264848762803 0.0165366472902484 0.05361319152721779 0.3298781001243877
1.3429949559129766 1.050850976974881 0.5573207560657982 0.09459728734513817 0.06893244241244806 0.3284034020641555
1.3683635216838115 1.1070217287310888 0.6622419932269672 0.1655020116712308 0.08264354649835597 0.3259781747610656
1.3888908085732454 1.1589264945800248 0.7635722143478091 0.2767106889840488 0.10078934159798439 0.32158341404209834
1.4053126380847927 1.2137432397695496 0.8760042415481325 0.43395731442423857 0.13239918610988471 0.31104550477989756
1.4184501016940305 1.2578768731190455 0.9659378946957203 0.5640420960843737 0.15721288292835883 0.2999271986256301
1.4289600725814207 1.3005014897214326 1.0542232132861784 0.7076988496351382 0.18763413404807036 0.28770554760060785
1.4373680492913328 1.3346011830033424 1.1292255192526 0.8355643731727712 0.21843382219779162 0.2794600750920143
1.4440944306592625 1.3618809376288703 1.1921859001738084 0.9469656453430265 0.24895661672200892 0.30233030525183413
1.4494755357536062 1.3837047413292924 1.242942755669137 1.0371097887277294 0.27324009816047456 0.33424927399425297
1.4537804198290813 1.4011637842896303 1.2885541957615059 1.1168723555183164 0.2989067803239577 0.41333570564483474
1.4572243270894614 1.4151310186579005 1.325043347835401 1.1842152954559129 0.3208408769302172 0.5153657633836657
1.4599794528977654 1.4263048061525168 1.354234669494517 1.2415722275909267 0.3349128815597377 0.6205143561979604
1.4621835535444085 1.4352438361482096 1.37758772682181 1.2874577732989376 0.35009334111738855 0.7069721167103824
1.4639468340617232 1.442395060144764 1.3962701726836442 1.3241662098653464 0.36784730453911346 0.7767945961011551
1.4653574584755749 1.4481160393420074 1.4112161293731116 1.3535329591184735 0.3882753519187206 0.8332029689036291
1.4664859580066563 1.4526928226998022 1.4231728947246856 1.377026358520975 0.4096582506473727 0.8797457542961821
1.4673887576315212 1.456354249386038 1.4327383070059447 1.3958210780429763 0.424099300255447 0.9190287849860179
1.4681109973314133 1.4592833907350267 1.440390636830952 1.4108568536605772 0.4357429297368283 0.9506685464824667
1.468688789091327 1.4616267038142177 1.4465125006909578 1.4228854741546582 0.4451312543233677 0.9761911653872672
1.4691510224992579 1.4635013542775703 1.4514099917789625 1.4325083705499229 0.45270107160253875 0.9968178290841058
1.4695208092256027 1.4650010746482525 1.4553279846493663 1.4402066876661346 0.4588043528417234 1.0135257020566524
