# pinky_proximal_joint ring_proximal_joint middle_proximal_joint index_proximal_joint thumb_proximal_pitch_joint thumb_proximal_yaw_joint
1.2260414361953735 1.072117805480957 0.8806146383285522 0.7930360436439514 0.1492566168308258 1.1598395109176636
1.2299599170684814 1.073958659172058 0.8818956732749939 0.7933147549629211 0.14811850488185882 1.1769562482833862
1.2326341247558594 1.0756145191192625 0.883362123966217 0.793549382686615 0.14651856541633607 1.1929065799713134
1.2348481636047364 1.0768830356597898 0.8843712167739868 0.7937337827682496 0.14556976234912872 1.2059663705825805
1.2366495784759521 1.0778848073959348 0.8851533736228943 0.7938804445266724 0.14481047551631926 1.2166351694107056
1.2381034657669068 1.0786829346084592 0.8857747598838805 0.7939975355148315 0.14420273312568663 1.2253375306320191
1.2381907117614745 1.077912787887573 0.8859584438285827 0.7936831549072265 0.14371169931602476 1.2324118339691164
1.2384902486999512 1.0772934757019041 0.8861138667648315 0.793418239376068 0.14328814607391355 1.2378912944534304
1.2397275407949828 1.0769696158047484 0.8862488862661743 0.7931927886177063 0.1429011757098007 1.2416392865927126
1.241208683636963 1.0768554625412596 0.8863537309001465 0.7930189606800842 0.1425918735998764 1.2443523409486696
1.2428147881723877 1.077127108375293 0.8864336250170533 0.7928836176598205 0.14234375837945099 1.2463078500843752
1.2442909073430248 1.0775715902646874 0.886386246517854 0.7927764757318603 0.14214456882876678 1.2477118016892041
1.2455552014985043 1.0779860174815252 0.8861016639356272 0.792700883058175 0.14205248102984844 1.2491479827255698
1.2470322206241575 1.0787331943639433 0.8857824212936128 0.7926678628186103 0.1421234682833514 1.2522755871844842
1.248417898386533 1.0798064140421801 0.8855729465983363 0.7926406598456476 0.14210213725847892 1.2548799761639082
1.2496239299534282 1.0809428427968544 0.8854159526270272 0.7926648526483991 0.1420771688626837 1.2569290120209093
1.2505995078848617 1.081923606741756 0.8852926939520551 0.7927475904698545 0.14205075386417956 1.258499313895292
1.2513359820021643 1.0827444813635585 0.8852167248561631 0.7928883938213487 0.1420188036223495 1.2596360361610945
1.2519073514281476 1.0834099071809957 0.8851597404348572 0.7930214332119861 0.14199287984055234 1.2604551486996887
1.253404691071412 1.085557152238632 0.8851176338090674 0.7931643666089566 0.14197229876742326 1.2609852689765355
1.254825960994642 1.0873633538938718 0.8851001848136724 0.793289036851008 0.14197333979309051 1.2614472499102323
1.2560533375747052 1.0888297252064671 0.8850890747193766 0.7933916698303853 0.14197475971937537 1.261845683305261
1.2569949699407457 1.0899971955780765 0.8850632827666817 0.7934713085815934 0.141976092355731 1.2621851962795236
1.257607918816061 1.0908382124713722 0.8850552615473603 0.7935145394266151 0.14197236625137558 1.262429412364195
1.2578023050922165 1.0913239627688458 0.885185529943302 0.7935477770376604 0.14195690415527526 1.262517926024779
1.2578369597353942 1.0916671681093637 0.8853134315458892 0.7935739856567702 0.14194413810750725 1.2625074839014883
1.2578155453807836 1.0919307889689973 0.8854198297856615 0.7935948452636974 0.1419338746053448 1.262437451316442
1.25777850594574 1.0921390392104762 0.8855056397913588 0.7936115091073812 0.14192563698152466 1.262334719048759
1.2577407681660158 1.0923049956734956 0.8855744070052062 0.7936248282613994 0.14191903496153963 1.2622171042337582
1.2571629066241823 1.092277233614602 0.885760264892495 0.7936417301513863 0.14191381295019637 1.262096071082319
1.2582939449129933 1.0925248899571725 0.8859559196624092 0.7936748019868622 0.14191021350617608 1.2619671772622785
1.2595748808525749 1.0928565532773835 0.8861068048789447 0.7937074821801575 0.14189992211338204 1.2617999752921836
1.2603686973685222 1.0930456376719557 0.8862382061254458 0.7937380966831519 0.14188683420082984 1.2615921609054388
1.2595563113875545 1.0920735483684605 0.8860674529847683 0.793800103448969 0.14187599730222272 1.261338314410081
1.25766083241998 1.0899436144287162 0.8855362438819553 0.7943250678246354 0.14186714598917044 1.2610814738242073
1.2558618517041116 1.0881401036782878 0.8851926488607522 0.7949056619219093 0.14185908146208984 1.2608539953206575
1.2543634677982258 1.0866679695927157 0.8849285493635651 0.7954144353717254 0.1418524480462588 1.2606552278498486
1.2536813660507145 1.0862323878354274 0.8847223719234083 0.7958293696284044 0.14184805624489125 1.2604765920241416
1.254111317320247 1.0869656513648385 0.8846719424148253 0.7961524478626052 0.14184468585494467 1.2603211425463152
1.254972980438534 1.087731743694715 0.8847254165188353 0.7964206140861352 0.14184130706980475 1.2601912993367348
1.2566372998705415 1.0890787560473858 0.8850100118458971 0.7966404757202021 0.14183828515684324 1.2600808444162872
1.2588920552055762 1.0913330093011044 0.8863366308641993 0.7968241970777792 0.1418349795172669 1.259990668498728
1.2608847108301104 1.0933592140662498 0.8877801587448568 0.7969802459907755 0.14183166147311985 1.259918217820528
1.2619817564341689 1.095031437872873 0.8889972321403862 0.7970954530105769 0.14182872391573953 1.2598598042826674
1.2624434478643152 1.0963795881263623 0.8899788778792096 0.7971704524887228 0.14182663911050453 1.2598130257686633
1.262641139631479 1.0974583467477328 0.890762966614586 0.7972258744345206 0.1418252633290759 1.2597750307528701
1.2627247872392409 1.0983157984919363 0.8913825605246399 0.797266242321817 0.14182410309928825 1.259743681065919
1.2627613784821885 1.099000424743256 0.8918769124295691 0.7972974160643322 0.1418231719352259 1.259717886060621
1.2626767827631677 1.099110508442371 0.892274110567282 0.7973216159607492 0.14182203659355272 1.259696844744798
1.2625626384068842 1.0990922168735255 0.8925921551797472 0.7973407613011616 0.14182111937951747 1.2596797017479868
1.2624523924866768 1.0990518105700484 0.8928466504743642 0.7973560179688468 0.14182038560828927 1.2596657489319587
1.262356470988548 1.0990132628023521 0.8930502467100577 0.7973682113820659 0.14181979859130672 1.259654419786131
1.2622765866648007 1.0989809225511469 0.8932131236986126 0.7973779541917123 0.14181932897772068 1.2596452134183214
1.2604896758183517 1.0974112185249263 0.893379915252988 0.7966031990581733 0.14176675749942202 1.2595054544870985
1.258780887459491 1.0960077549941964 0.8934951094751871 0.7960277646489129 0.1417079573720657 1.2591649085573302
1.2571468041219507 1.0943491860967975 0.8934564445785933 0.7962232231861103 0.14161915229558653 1.2582760405772484
1.255832003424819 1.0929382169041715 0.8933404806750816 0.7965121984295644 0.14153915859699015 1.2572165689653998
1.2547516956887688 1.0914626617267673 0.8929990508951984 0.7968156075328666 0.14136220389556697 1.25460879499013
1.2536994802921648 1.0902691760885672 0.8927821976978176 0.7970293788790765 0.14121087987384645 1.2519858479046406
1.2526843061423012 1.089279936093327 0.8926143537393088 0.7972441457653096 0.1410838214489734 1.2494498014087345
1.2517985670070417 1.0884769331123325 0.8924774678890606 0.7975491041297953 0.14098464830183316 1.2471075629897805
1.2510564540466125 1.0878274973794535 0.8923614861444393 0.7978268428131136 0.14090518759459916 1.2450009088284089
1.2504481009356543 1.0873044440400375 0.8921840621531614 0.7980510364758326 0.1408414521358066 1.2431406339459667
1.2499569838613165 1.0868855006894884 0.8919247614145762 0.7982347187032186 0.14081337877445643 1.2416469304126938
1.2495643047785674 1.0865529209297036 0.8916798891067892 0.7984113356772966 0.14083428842491488 1.240680014956986
1.2492893575267723 1.0863349938329963 0.8916163254928898 0.7987984030488258 0.14105843732886775 1.2420732544811528
1.2490093659271184 1.0861192150065826 0.8914677587471256 0.7989386367037395 0.1411617903322638 1.2435952557684549
1.248393793973079 1.0855475746114673 0.8909416744964798 0.7984274901735385 0.14125358032470234 1.2454174386311823
1.2474725644371911 1.0843382662550307 0.8895209630217138 0.7966986280908267 0.14132531358627706 1.2472036541977924
1.2462344726389252 1.082678356648739 0.8879960457393314 0.7948335395042165 0.14140092133544468 1.2490089703781924
1.245181533532588 1.0813659500132051 0.8867644294030497 0.7933390725282085 0.14147364138811894 1.250717891787173
1.2443067334789024 1.080321627541387 0.8849625884633883 0.7921386590502462 0.14153490197062546 1.252386080054189
1.2436006707110394 1.0794864318243693 0.8835288523945509 0.7911779587190788 0.14158317729949993 1.2538688554984294
1.243033197892379 1.078818346776329 0.8823832940509557 0.7904092911657843 0.1416216276893619 1.2551682054696054
1.2425780990701287 1.0782839025797546 0.8814671215574454 0.7897943213603618 0.14165229859428433 1.2562940644977547
1.2422135670170282 1.0778563472224951 0.8807342312463531 0.7893023335950948 0.1416767846542742 1.2572607221411114
1.2420120635974483 1.0776317717706108 0.879849681196881 0.788946222783516 0.14171375719691484 1.2582148887480453
1.24198735549832 1.0785971404770964 0.8794909548268895 0.7893139334689698 0.14175862084218 1.2592999202223742
1.241983658431249 1.0792599059470458 0.8791799411381229 0.7895213176545399 0.14179257460743694 1.2603183636833926
1.241982536600651 1.0797575980288159 0.8789206516905581 0.7896599141547599 0.14181263870644972 1.2611927946225563
1.2419813530338777 1.080146977890521 0.8787102637421255 0.7897597644956524 0.14181452494182908 1.2617298332703717
1.241982766524392 1.0804596977146386 0.8785458038434318 0.7898418382192942 0.1418165048068263 1.2619498942575937
1.2419836112145088 1.0806441654135321 0.8784148558127826 0.7899078429051473 0.141818049955805 1.2619656065529257
1.2418310315039558 1.0802637616292265 0.8783193599500613 0.7899598121888028 0.14181815656696944 1.2618576557974552
1.2416440940401396 1.0798247321045897 0.8782446917945828 0.7900011491971483 0.1418181196663792 1.2616793133052615
1.2411592560212963 1.078937758095781 0.8787596056504794 0.7900344214596168 0.1418593216589304 1.2617627554919264
1.240715023454122 1.078215495020326 0.8791513903652627 0.7900610511905206 0.14188557773043411 1.261935486299669
1.2403386327235637 1.0776477935077158 0.8799547802380719 0.790081723166009 0.14193841146794714 1.2623880735261244
1.2400608851598691 1.0773547555733844 0.8807550391333897 0.7900964249233406 0.14198156358693248 1.2629896347699963
1.2399251376856957 1.0773861619416176 0.881680514079539 0.7902430477984748 0.14201508392408851 1.2636528925083799
1.239853685320981 1.0774773051407576 0.8825381482936605 0.790666046400706 0.1420460933805733 1.2644283784216819
1.2398128074181618 1.0775674573633385 0.8832465954858195 0.7911607644238791 0.14203021481523745 1.2651714096694133
1.239790523987813 1.0776489728334198 0.8837571222176657 0.7917415635807292 0.14201586389454074 1.2659227140926474
1.2397790630195962 1.0777180714323242 0.8841291490070426 0.792252730291921 0.14200585241247707 1.2666596323794646
1.2397626701620759 1.0777721343766944 0.8846227147477789 0.7928539720867778 0.14199874027673 1.2673608422713696
1.239731674482627 1.077819008694593 0.8852781588473259 0.793461077030079 0.14199271380188938 1.2680078316082333
1.2396993439119683 1.0778574141395123 0.8858492560893964 0.7939826549018036 0.14198782705690763 1.2685920133868673
1.239670380013913 1.077888353072169 0.8863140136170921 0.7944097281237135 0.1419838848783676 1.2691099035485442
1.2396459214351416 1.077913175743868 0.8866872263088653 0.7947541523567588 0.14198071325414213 1.2695629348551318
1.2396258062093926 1.0779330338812272 0.886986058722721 0.7950304785245061 0.14197816403383282 1.2699551145390737
1.2393515305494842 1.0774322434883437 0.8860048387613189 0.794949820746851 0.1419126099481127 1.269681943270053
1.2390826858501098 1.0770871388611094 0.8851782945129308 0.794836442557869 0.14186884809604813 1.2691903692980493
1.2388269120391577 1.076822999930135 0.8845069620873954 0.7947322455151062 0.1418338535155577 1.2685891614357538
1.2385237784335112 1.0766172439382486 0.8839702418539068 0.7946485302530274 0.14180088384355882 1.2679141462643868
1.23796975383354 1.0762246632994026 0.8835414617135637 0.7945776956623829 0.14176194940730555 1.2671355009714704
1.2371619444624007 1.0756414003706622 0.883210966497621 0.7945336284117728 0.1417171762365073 1.2662453651936803
1.2363445362675525 1.0751056724815884 0.8829216317414927 0.7944235111774468 0.14167825229787587 1.2652208567072514
1.2355072181406288 1.074087004187053 0.8824527943992366 0.7940099283457965 0.14169680851955221 1.2630573797551443
1.2348690494682526 1.0724319540042444 0.8814119287223617 0.7932912623406387 0.14174284460750425 1.2607999077103655
1.2342372071573047 1.0702920931640278 0.8797483712745507 0.7917671613312512 0.14182313420460385 1.2588290636270938
1.2335420713288712 1.0687058033993253 0.8779485202084223 0.78898334204489 0.14195167631376396 1.2574428848051784
1.2327976119886341 1.0684206535379417 0.8757552485664876 0.7854704475349903 0.14198104727640637 1.255976480771999
1.2319801006611588 1.0680020133622747 0.873061703125651 0.7815831832843398 0.14185523441135794 1.2531873325744474
1.2314266565558436 1.0669326766306768 0.870710135682436 0.7780133074726562 0.1417316393113129 1.2491636546642941
1.2306670668218234 1.0656432377477176 0.8694762716166275 0.7756570606395324 0.1412663973217005 1.2433791853738914
1.2296353199079593 1.0637138976398854 0.8681551678555884 0.7731235765588061 0.14078247184314682 1.236405523439494
1.228770130316016 1.0619518195584416 0.8671666394533856 0.7711960071859182 0.14038099952346766 1.230583478466866
1.2270389266328787 1.0581490067636967 0.865089345841578 0.7696823115775919 0.14000740832334108 1.225568858350275
1.2221428924812296 1.0499971841173172 0.8597574026338032 0.7676942893369942 0.13954054563240487 1.2201169471462234
1.212169661046141 1.0371444967903138 0.8511724425118582 0.7638529855810761 0.13898895978129927 1.2109717162863147
1.2042305103310533 1.0264197466784668 0.8436918697962297 0.760655917231493 0.13847944974261145 1.202781632138549
1.19787899902412 1.017916204771515 0.8378457063205348 0.758117479089302 0.1380957342335194 1.195987331543969
1.1927977184529996 1.0111323851276368 0.8331948704534615 0.7560919022587158 0.13778873798438784 1.19037124131092
1.1887326463123875 1.0057102527561927 0.8294793873638984 0.7544728832266504 0.1375429413095226 1.1857422082739557
1.1618400036542191 0.9685594508125897 0.7923497366596124 0.7435649527567049 0.1437238310873596 1.1714365314735957
1.129371557176 0.9199176127969834 0.7473062600842206 0.7311543499197499 0.1496347759246896 1.1574596747790964
1.07958869023314 0.8627296920823743 0.7034141203682494 0.7203973988505948 0.15404110642910562 1.1429905879525495
1.017303569183277 0.8002301523055784 0.6614952926572857 0.710786295716981 0.15786765708637684 1.131320070268961
0.9522709831122771 0.7400442476245683 0.6239432052561996 0.7019889456312021 0.16091447626839042 1.1231707899111527
0.8928890573600304 0.6827539833524165 0.5909606719644354 0.693970747969958 0.16334341113003065 1.1170610164275183
0.8386430778200922 0.6319507564813565 0.5617129071260679 0.6863549178301594 0.16523441389586108 1.1151931265728008
0.791812315630555 0.5881321712899741 0.5356807242794981 0.679963884787504 0.16735452783414187 1.1202262862313852
0.7502813697239874 0.5515541541233488 0.5134467467438499 0.6745254024161849 0.16999323663956692 1.1277504860392464
0.7096204328839872 0.5228204216682775 0.4953336524781641 0.669152015391505 0.17458726762014048 1.1324769257729255
0.6680853858236387 0.4996206292409788 0.4824539985511348 0.6649342131165793 0.18185812173904908 1.129218244491021
0.631142828436209 0.4826490147033604 0.4720834764841116 0.661955007040352 0.1892887408623849 1.1175788354380927
0.6018217413199053 0.4720253179962851 0.46484126234077744 0.6593096797655824 0.19527600845414436 1.10278053375117
0.5830416725931251 0.46543042504751025 0.4606585092069573 0.6573279575499538 0.20001295022740392 1.0857569797200521
0.5748529709861823 0.4638732981202073 0.4617087035752826 0.6574912727668002 0.20392012149154687 1.070703261960551
0.5697226983297783 0.4620539614770466 0.4630368899804348 0.6577138829862368 0.20777897477197285 1.05848836411556
0.5748999724379316 0.466818385856442 0.4704415998063083 0.661936229756299 0.210824760318181 1.0485642632605265
0.581406296061765 0.4696287222998081 0.4776570241611477 0.6652801206038979 0.21316136024028548 1.0405977790166243
0.6033448463815775 0.48003262347354403 0.48933174935668916 0.6727296487749884 0.21638155262971312 1.0428014377442443
0.623652759086158 0.48919082932769387 0.49939962409091165 0.6796526611853655 0.2185427181427033 1.0458464844773168
0.6407291316120356 0.49627855819939876 0.5069363886686339 0.6846322060433241 0.22065050959621677 1.0486400066812798
0.6546603936456465 0.5019419106044714 0.5130780239559948 0.6886925650284459 0.2222001229527379 1.0509864520231855
0.6660313525599498 0.5064690639335587 0.5180188933736276 0.6919664583719388 0.22342801787875372 1.0529556617101012
0.6727319772086349 0.5103160325494349 0.5231420810799751 0.6953675621443284 0.2243990566207749 1.0552939212290429
0.6796890469425365 0.5270919469044161 0.5328936668857696 0.7017458696121607 0.22721261408915377 1.0625288991902655
0.6895107723898446 0.5427560064828835 0.5414577557742406 0.7073122158809212 0.2295778831004322 1.0727232860544829
0.6997038084369306 0.5576995375662201 0.5514237868070451 0.7135655915867255 0.23191749971383574 1.0815733565504955
0.7097225871166709 0.5729067494797034 0.5612839211845276 0.7189482240780962 0.2343653851451378 1.0891152058931675
0.718693811613808 0.5871107832850873 0.5696747342605494 0.7236679028594313 0.23637235472217408 1.0957485941960403
0.7245331318525393 0.603703996043353 0.5807686002937239 0.7283999308843467 0.23865528352749513 1.0923386977445275
0.7296178747294679 0.616908387741207 0.5914301635334716 0.7325755584159734 0.24121075827036037 1.0819565905198407
0.7337637511156666 0.627690113704013 0.6001021434076488 0.7361964049275114 0.24363414611938583 1.073935195053812
0.7369693610876932 0.6361776527727502 0.6075693861013937 0.7401856591173326 0.24631849858381738 1.0699662083349197
0.7403754308867561 0.6413658449621882 0.6132679975323906 0.7424003688389711 0.24758613255197517 1.0676308484046912
0.7447104465999688 0.643365183637292 0.6171441750759308 0.7437359498258156 0.24903791067262263 1.0668732095693951
0.7499050745994635 0.641800160539747 0.6140631140895227 0.7409823978992878 0.2500860724231384 1.0673131600169663
0.755867000391546 0.6367969118218427 0.6040958525043758 0.7314616557004117 0.2500830378835028 1.067369242918358
0.7622612801952864 0.6299006027111058 0.5919509221158054 0.7191481920911521 0.24970442447699112 1.0663093490694888
0.7677195737968846 0.6144697890383914 0.5685612252586385 0.6951764609681488 0.24748815610915026 1.0615320335463625
0.7704949196347367 0.5900160968862307 0.5421202593035142 0.6667495200051403 0.24535632443356198 1.048793910394982
0.7720970246131238 0.5671854913681612 0.5155452400832685 0.638465319396141 0.2426710272783254 1.0361510622110965
0.7491256263204429 0.5392311454176796 0.4847028363060405 0.6067962382802032 0.23972108324004923 1.0184453215286733
0.7039010259586981 0.5092363906192694 0.45538440015407006 0.5780291346366138 0.23657451955186298 1.0017310687768937
0.6572663273873656 0.48352194049262315 0.43109633061481795 0.554606188349321 0.23410548577870505 0.9881425506964112
0.6178627321293139 0.46390733892363956 0.4122921827093226 0.5361726196705456 0.232669543704713 0.9772952562248536
0.5859879977838344 0.44813299198661366 0.39708992859963277 0.5213419009923264 0.23119960147645044 0.9686192922334534
0.5601697665322738 0.4354612113612025 0.38485664146140175 0.5094415871047436 0.23000352516576422 0.9616800469192396
0.5024269184962048 0.42154842270033593 0.37408201707994904 0.5008022211188841 0.2278167699559909 0.946591907503806
0.45451116255880464 0.4121083112765712 0.37085440408067677 0.4987861948962822 0.22721348264093255 0.9344127009412466
0.4161454951124276 0.4058147801724563 0.37148562392295814 0.4997453322216522 0.22687246448417547 0.9249234898965215
0.3877821676220008 0.4011268483612927 0.3792191054082029 0.5070552532040795 0.22729765313164427 0.9165166103109245
0.38459475932800835 0.4020459248236014 0.39186968053627913 0.5165261748761909 0.22847045113480913 0.9079901761424163
0.3879366862637525 0.4030811463682805 0.40261975642243153 0.5246190645957769 0.22922202567129793 0.9009771852979357
0.426494745243607 0.42007811465970313 0.41977096769173244 0.5401118690701152 0.2310476809332328 0.8977972793014284
0.46930076903424106 0.439200354410105 0.43516841866937717 0.5546460624481698 0.23246267315463678 0.8963484468008229
0.5090557036902225 0.46256617132257866 0.4511864927480017 0.5689829250928132 0.23284087083114352 0.8927096010800322
0.5438927529736929 0.4885702882085756 0.47115985131815236 0.5825228779122328 0.23206895988284085 0.8856967355057493
0.5730902527558464 0.514730131934048 0.4935535834356559 0.5935074876630382 0.2305735917973402 0.8786830516850865
0.5979102829923357 0.5402009537299166 0.514108411163045 0.6024838837690414 0.23084048108958266 0.8718286206083231
0.6198487623397609 0.5615879337374123 0.5309366517781837 0.6098431470161486 0.23172666372222156 0.860698906561274
0.6390539084962289 0.5791486414578559 0.5446811623191534 0.6165644146733131 0.2332415361512697 0.8445952160998493
0.6543606738322004 0.5931187202379705 0.5556471472434759 0.6218057209438201 0.2344764951315718 0.8313622294938016
0.6681125338930308 0.6054369393861772 0.56548027797163 0.6277053303866479 0.2370213386175789 0.819090816901163
0.6818128129687643 0.6162777212362671 0.5745531567225494 0.6339092928051069 0.23925752077561677 0.8071570782073623
0.6954459349987296 0.6262809608063049 0.5829996067913086 0.639043134679724 0.24158159998307277 0.7960822056300072
0.7080618938348602 0.6365692833011108 0.59090897231354 0.6432616450232896 0.24325063810546915 0.7863112386518024
0.7185543577306994 0.6446653897718396 0.5970623834057942 0.6466275841269996 0.2446239708725589 0.7781565544170779
0.7272229751295669 0.6510988470042393 0.6019503031670487 0.6493177247265265 0.24572564712079187 0.7713460967669997
0.7343478648143469 0.6562313792009866 0.6058535102605371 0.6514690504248369 0.24660651128222005 0.7656531608684948
0.740179347855048 0.6603327319542341 0.6089746096610664 0.6531898725649061 0.24731054696027005 0.7608900409209005
0.7457933091022146 0.6678086340840477 0.6150961787604998 0.6548702993885949 0.24694001211789102 0.756090823115291
0.7494073480683623 0.6727334118219866 0.6217594123763808 0.6516020638860285 0.24623938726637246 0.7395937230597986
0.7492205834641503 0.6724784260060512 0.6253639798866087 0.6484851394587373 0.24589533569219496 0.7190165349969112
0.7450328617298163 0.6650313524457712 0.6209808382595677 0.6423066262001685 0.2466941701317055 0.696912012825715
0.7364004372758514 0.6533513973596016 0.611055262343494 0.6310965302463287 0.24800063387109622 0.6739208875738044
0.7233935570083336 0.6384917267515118 0.5973497926842435 0.6154062774082751 0.24972421300851333 0.6509569190853802
0.7067804078548969 0.6192326957665963 0.5794019579610239 0.5961469313542629 0.25144345460290135 0.6288541597456907
0.6880527528357364 0.5985317559785115 0.5596844994800099 0.5765700738462277 0.25294017909331656 0.607935777690504
0.6715581132755166 0.5784605528312101 0.5381427104295737 0.5575765213038498 0.2536659846175793 0.5896598032208236
0.6567239295471101 0.5599109657921135 0.5184904332972723 0.5407975010606427 0.2533729560748007 0.5730712359024646
0.6416601046743702 0.5438644511157464 0.501933365743729 0.5266553694035832 0.25223755837084977 0.5537964836655904
0.6288706743576297 0.5306385276837501 0.48818521474311555 0.514490473987756 0.24978578389169476 0.5370063889740984
0.6177409000284011 0.5196980033813599 0.4769527695537393 0.5039528876321299 0.24863000452901285 0.5224479582881196
0.608015823927445 0.5108049885033514 0.4658816521931318 0.4928871190370546 0.2474209357530702 0.510260289667071
0.5992487816547734 0.5036965311049577 0.4570677868977092 0.48300637172233474 0.24658434007412822 0.49995789389453027
0.5917462466983304 0.49805245403283094 0.44996834933399377 0.47526191963014136 0.24587566784101034 0.4915735460173424
0.5830348419211948 0.49375472548670174 0.44379602384280536 0.4694391909699212 0.24531121258797092 0.484363856860108
0.575749229356658 0.490291973615222 0.439122915361018 0.4646866121658143 0.2448438680558351 0.4785789870803411
0.5694723454833122 0.4875589177326622 0.4355117440968283 0.4609082181269691 0.2444425057481883 0.47396262475529155
0.5640118144130779 0.4854277205718567 0.43270071631666246 0.45795445950943353 0.24384955017655358 0.47020556719047896
0.5592721122245846 0.4837474451266138 0.43047231464382985 0.45561457325711346 0.24335999547552478 0.4671471412256803
0.5551593675407456 0.48241475826918345 0.42869538091657144 0.45375090161716536 0.2429671417404128 0.4646559890330192
0.5515915691210974 0.4813540030035914 0.42727547902296054 0.45226290281419435 0.24265274550349816 0.4626256832456872
0.5484972667180815 0.4805079260280562 0.42614002242430105 0.45107355281356554 0.24240120467210852 0.4609699673633802
0.5460355219430382 0.48090810249732596 0.43114577305113516 0.4600942934723185 0.24070299837323064 0.45881925639955423
0.5441781351714654 0.4819454425214661 0.43678664026097647 0.4709016962982405 0.23750329354073235 0.45210045073388594
0.5421958501934467 0.4793260354708777 0.44069795892585273 0.47938336007890614 0.23298448295327528 0.4430080731229669
0.5401688405513333 0.4741995242366112 0.4425704644993858 0.4862156476425927 0.22789869583394134 0.4343786243213563
0.538218835086788 0.46967307187151247 0.4442962779105438 0.4916781040706476 0.22448863487836523 0.4265900137911915
0.525192399097415 0.4323641336523003 0.4200852631331073 0.485594099972903 0.21474243423459374 0.4102979388150119
0.5015984807594078 0.39554338268935735 0.3946193729877938 0.4777278651509756 0.20461206214521283 0.39176426619788357
0.4658396688448157 0.3545229354500775 0.36627716819766915 0.4650478402546306 0.1911935633571462 0.3725867731610962
0.4277994988240215 0.3174744273424152 0.3415860076771081 0.45267011839320337 0.17896666635286937 0.35674935684522213
0.3848126278620889 0.282660146570206 0.31884277681715495 0.4385499288095639 0.167143068287469 0.34188814247385835
0.3417744673333113 0.25292142432212855 0.2985332077360726 0.4234711173735941 0.15588846431072317 0.3274937493382786
0.30653212364844834 0.22928971013450644 0.2819844476871949 0.4109130397290297 0.14539659471031635 0.3153866646908835
0.27690198835796004 0.2143375900270464 0.2735115879768738 0.4011397278189904 0.13646398544881033 0.3058628355044616
0.2548476443057528 0.21478944634452835 0.2741731519694812 0.3948021285438733 0.12890592861631145 0.29856876052049736
0.2546369779400246 0.22958587698185742 0.28422715983356533 0.39473494114114416 0.12197810032732193 0.2932818334629372
0.27327081944880616 0.2539658235871339 0.30137489216777086 0.4015940187107211 0.1159981831412864 0.29069978804033875
0.3037947089381038 0.2851055612058277 0.32339658917786596 0.41445903640831994 0.1107157295546017 0.29173274088416
0.340907774043641 0.3203940431190201 0.34861955906392667 0.4317302835929035 0.10586714699674303 0.29742339649608535
0.38234624200865547 0.3567459018955762 0.3767450163002136 0.4526247130193423 0.10222872757759614 0.30895815212576233
0.42593028492772517 0.39407894865116555 0.4073320276924231 0.47642336260144796 0.09991145909902989 0.32752419248460646
0.4623948999011035 0.42487788880221905 0.4321960526615984 0.49621647175840444 0.09769284004829358 0.34284896838854884
0.4919546777219387 0.4493751341847806 0.45197024487738663 0.5118840541576696 0.0961323486754261 0.35514746656569746
0.5159191556144406 0.46892155128703344 0.4677677356663136 0.5243715330867252 0.09484113411020935 0.3650107208931677
0.5353553348675291 0.48453888430584136 0.48040109105609163 0.5343473780082291 0.0938154074026084 0.37291734012319505
0.6329457087433275 0.5994516860198074 0.6022818980829104 0.6396639528216224 0.10475496550185967 0.42148765398942517
0.7180409131936976 0.6966253479918713 0.7045600651277053 0.7289261724425395 0.1134642420195221 0.46718838988847006
0.8668393849128682 0.8515002696196933 0.8578480433283605 0.8745735808907382 0.12575739188851348 0.5472539319921054
0.9876714991564908 0.975400206921951 0.9804784258888847 0.9938588559387869 0.1419362301735992 0.643074556535762
1.084337190551389 1.074520156763757 1.078582731937304 1.0892870759772257 0.15888058444729763 0.7470571393539758
1.1616697436673076 1.1538161166372018 1.1570661767760395 1.165629652007977 0.17350437383549466 0.8361600633279682
1.2235357861600424 1.2172528845359578 1.219852932647028 1.226703712832578 0.18878329905428134 0.9307280537141324
1.2730286201542302 1.2680022988549626 1.2700823373438186 1.2755629614922586 0.20106395771151894 1.0063824460230637
